x0,x1,x2,x3,x4,obj_1,obj_2,obj_3,obj_4,constraint_violation,feasible,profile_id,algorithm,seed,runtime_sec
1.6317950174524483e-05,0.00010753424394137169,0.9866697173573202,7.985911351227867e-07,4.373726506513159e-06,16.100356544595652,4.0495216594699155,0.21597362940654657,0.05460261646178177,0.0,True,STU_0351,nsga2,19,31.96158816688694
0.6801313551140107,0.9862397975343227,4.8731971132520095e-08,5.7832763026475185e-06,1.7214503029561027e-06,16.003748232156802,0.239714514207741,7.526698969841304e-07,0.4068163088031941,0.0,True,STU_0351,nsga2,19,31.96158816688694
4.7867824419633805e-05,0.00014471676781435856,0.9646436030821095,0.004719785135405542,0.3285734208606266,15.523692357230846,3.2176534504820484,0.26336455755226246,0.17776143726812565,0.0,True,STU_0351,nsga2,19,31.96158816688694
0.6672085300018078,0.15884879126698878,0.0006253261223428593,0.001071378094561315,0.8202383204382426,10.040141276092617,0.4198345512193891,0.20171989043036034,0.7465023904422696,0.0,True,STU_0351,nsga2,19,31.96158816688694
0.0006019445758604068,0.6567708777997115,5.038644216832184e-05,4.860384206614431e-07,0.6572065069076045,8.102069049973627,0.5804268148673506,0.2024748589699223,0.5995565468165132,0.0,True,STU_0351,nsga2,19,31.96158816688694
0.014262222353840517,0.16540235084540322,0.8621918778168927,1.6701521723008587e-05,0.0007120634698016535,16.598612522135593,3.414090265780757,0.17890471372860012,0.17318468629775008,0.0,True,STU_0351,nsga2,19,31.96158816688694
9.218400109949412e-05,0.002917392655733554,0.02379950692079447,0.19384581542246782,0.008355244755460983,14.887159490999585,4.338840142992301,0.11721313623089345,0.0852549671395143,0.0,True,STU_0351,nsga2,19,31.96158816688694
0.6992601791924618,0.9284031403815043,4.480719767302316e-06,3.918615927897236e-05,1.6314889280673588e-05,16.331905538044317,0.23112872868915194,6.928977222954464e-06,0.41625080385899793,0.0,True,STU_0351,nsga2,19,31.96158816688694
5.6619032096625184e-05,0.011688229287520212,0.9533380691314712,0.00301277853894013,0.314991901791874,15.560546313765304,3.2092239463701997,0.2601361366963908,0.1814201151275633,0.0,True,STU_0351,nsga2,19,31.96158816688694
6.920400826526525e-07,0.902138997668706,0.00025595089885741625,0.2987961401158512,0.002626297418658472,9.8125200159548,1.4452870336202126,0.02438505586737945,0.257778148595842,0.0,True,STU_0351,nsga2,19,31.96158816688694
0.7731849203861898,0.29227698009262704,8.338668075475975e-05,0.0002898422547000926,0.7353939991925642,10.928774108145765,0.37529824584619875,0.16537594610159148,0.538646994013556,0.0,True,STU_0351,nsga2,19,31.96158816688694
0.6692912796048016,0.8980246307834598,0.0005359705188157722,0.00015986682399289704,0.16635834999317964,14.101964878534064,0.2838905940730531,0.0389224934647727,0.4582780381598043,0.0,True,STU_0351,nsga2,19,31.96158816688694
0.00030258957544317025,0.5484393640853191,0.0002984963652633134,0.15471746321327434,0.0005168434624951064,9.997468777781133,1.3260034292779104,0.021148844182084625,0.23305195283999913,0.0,True,STU_0351,nsga2,19,31.96158816688694
0.0032493399689934588,0.640083068887381,0.00010223815963491758,1.4439085787000213e-06,0.46616567886542937,8.519955481431744,0.5516173503619966,0.1701685460253665,0.378982174610883,0.0,True,STU_0351,nsga2,19,31.96158816688694
0.5966507807152895,0.9366650170435654,0.00025222223225008166,0.0015251916694369399,0.14181941645374688,13.911874122444662,0.29493900412758817,0.03436999239698443,0.4377798473867315,0.0,True,STU_0351,nsga2,19,31.96158816688694
0.6708897862652574,0.6357382056716211,0.00027004150470062645,0.005854607316157325,0.7997166573904256,10.415157360358295,0.4213202448620602,0.15361020199629685,0.638228317633588,0.0,True,STU_0351,nsga2,19,31.96158816688694
0.025606897215518468,0.9564542552306255,5.187451135601557e-05,0.2987961401158512,0.024634615970204166,9.920994308467836,1.3616334749037828,0.029278573495423166,0.26324067987299116,0.0,True,STU_0351,nsga2,19,31.96158816688694
0.0026766285575478945,0.0006184127358171039,0.9474250842295353,0.039793101172098555,0.07926475872386463,15.882786828263159,3.813778742759738,0.2248190716350735,0.09488919430492004,0.0,True,STU_0351,nsga2,19,31.96158816688694
0.04449131834305996,0.9514925862448342,0.012351921525265104,0.21666208402303144,0.19748951986035035,9.560852532585612,1.110140440601616,0.07249683572481648,0.295420028183185,0.0,True,STU_0351,nsga2,19,31.96158816688694
1.5017436871654375e-06,0.09689622130778452,0.9863500962207399,0.039155876198057105,0.034341941294665015,16.177311122564262,3.6651522201099533,0.19940454493852475,0.12460579373063907,0.0,True,STU_0351,nsga2,19,31.96158816688694
0.008202015907038063,0.5611575545314446,0.0006378020598666833,0.0016076751375182913,0.26055021207973267,9.159001616794521,0.5217861595798576,0.127154788967964,0.35097936269388197,0.0,True,STU_0351,nsga2,19,31.96158816688694
0.7743485391491689,0.38661413950234147,0.0004967506898517077,0.00031055757295367505,0.8820321098335717,10.396328977520067,0.40455595108843795,0.17485041770476795,0.6882202462544326,0.0,True,STU_0351,nsga2,19,31.96158816688694
0.003353631492659763,0.0013652782532647548,0.957999928088491,0.09977569387725814,0.3617506817911595,15.444189427678811,3.238140843344683,0.25477762552664024,0.1821020901160606,0.0,True,STU_0351,nsga2,19,31.96158816688694
0.000807682313353465,0.23460480120142024,1.7514792823214945e-05,0.0005290676639842541,0.09927877352156753,9.23237966434818,0.5147660330301969,0.12009886302394575,0.34229878695318294,0.0,True,STU_0351,nsga2,19,31.96158816688694
0.8817974233913906,0.5196014278884631,8.355741164040227e-07,4.896960147816988e-05,0.7332264549566038,11.410256919575954,0.35836176132767616,0.13911321717352026,0.5252850273873848,0.0,True,STU_0351,nsga2,19,31.96158816688694
0.0027013939354338804,0.008326349992975348,0.034450838388609135,0.29920417437290175,0.008251393540106266,14.96141369996172,4.313788507336783,0.110666507983049,0.09628742302813786,0.0,True,STU_0351,nsga2,19,31.96158816688694
6.947230048235005e-06,0.007549671670310593,0.9533380691314712,0.005900144370137028,0.034427271831278694,16.025947401299653,3.9124041115454222,0.22015258226429843,0.0760084623235534,0.0,True,STU_0351,nsga2,19,31.96158816688694
0.00024976210197672107,0.009023056558951081,0.0709573972372558,0.10565074219560049,0.0011598768086141797,15.368164973141738,4.153347426340102,0.13783376802008537,0.11421540546784625,0.0,True,STU_0351,nsga2,19,31.96158816688694
0.6224075441148076,0.9997707111918648,0.00026671016357571685,0.0015251916694369399,0.4110954101194298,11.976173440483244,0.3556524593863548,0.08191155301741622,0.47121269193430604,0.0,True,STU_0351,nsga2,19,31.96158816688694
4.846079201933614e-06,0.2954332847878226,0.00043686737256079695,0.023747653377560886,0.08026569379708645,9.524403066341646,0.7279591667268941,0.08713963030949692,0.2818568924403151,0.0,True,STU_0351,nsga2,19,31.96158816688694
1.0755305824281143e-05,0.03481735278687356,0.981710700429892,0.053231983511038396,0.18092720669878692,15.761947811839338,3.4949645251130645,0.23215472699399406,0.14398819695134768,0.0,True,STU_0351,nsga2,19,31.96158816688694
5.270179157692393e-05,0.006807418169410828,0.9229605171621384,0.005428887828612505,0.08706866344853717,15.90571822898277,3.747844503834187,0.23000208053759003,0.09721719917875016,0.0,True,STU_0351,nsga2,19,31.96158816688694
0.32753629888909713,0.8980246307834598,0.0006198641786243393,0.00016620862559893221,0.10061844500486798,12.888779862250276,0.33387520997379727,0.03082225515539592,0.39051005568996633,0.0,True,STU_0351,nsga2,19,31.96158816688694
0.0006027536769462047,0.49304165352296614,0.0004353797722142002,6.199014218393438e-05,0.38208335336990384,8.424412554998911,0.5598843157847303,0.1767167510117827,0.38246520994555955,0.0,True,STU_0351,nsga2,19,31.96158816688694
0.640098126698248,0.6330087092023702,0.000141158835533907,0.0002898422547000926,0.7353939991925642,10.541616057142088,0.4053041746784209,0.14828400083522558,0.6308113523513066,0.0,True,STU_0351,nsga2,19,31.96158816688694
0.8002554215263826,0.4307766858439884,0.00013106949519818816,0.0015135322962106707,0.8128869386295199,10.757027620518656,0.389371911710446,0.16102679098426984,0.6686427179362127,0.0,True,STU_0351,nsga2,19,31.96158816688694
6.920400826526525e-07,0.0230668287498631,0.00025595089885741625,0.2987961401158512,0.006328034350373553,14.942933622187262,4.221789865500243,0.0939400081206218,0.12080053946466773,0.0,True,STU_0351,nsga2,19,31.96158816688694
1.4945110409031273e-05,0.00014471676781435856,0.9646436030821095,0.004719785135405542,0.06060120820215226,15.952780734580152,3.8581205111243473,0.22652852352829692,0.08202292368050401,0.0,True,STU_0351,nsga2,19,31.96158816688694
0.0006472832156090291,0.5351541895000121,5.163324363864104e-05,0.12354351147165493,0.05267605326057512,9.750523768861008,1.1569526667890673,0.046371413402462,0.24766078900529365,0.0,True,STU_0351,nsga2,19,31.96158816688694
3.8267687921280085e-06,0.5668417677585212,3.607333164251576e-06,0.0004124390900032827,0.00305884857458813,11.512577476880958,0.4099293553028546,0.002241876934391254,0.20558090689365405,0.0,True,STU_0351,nsga2,19,31.96158816688694
0.0025138679455373233,0.002512129710616427,0.9447081275130352,0.0010694131182119315,0.264862236493276,15.617681551785676,3.3168901104331683,0.256178324110876,0.15827729573764604,0.0,True,STU_0351,nsga2,19,31.96158816688694
0.6795083319940343,0.2808789936945798,3.346228821661637e-05,8.188982340186243e-06,0.8524219413996772,10.07349102383708,0.41832457493372577,0.19043975678512812,0.7145411166939013,0.0,True,STU_0351,nsga2,19,31.96158816688694
0.7743485391491689,0.3882731783707979,6.319074321651282e-05,7.786170399208306e-05,0.8352723469035968,10.563814707176679,0.39505303613825066,0.1693195003285818,0.6808169567791865,0.0,True,STU_0351,nsga2,19,31.96158816688694
0.704840682065149,0.3932772401616854,0.0004967506898517077,0.00031055757295367505,0.8820321098335717,10.146586213758098,0.4187525091873377,0.1803974487728959,0.690487215334781,0.0,True,STU_0351,nsga2,19,31.96158816688694
0.24374829575858936,0.49367334405053864,0.0026431474162240103,4.896960147816988e-05,0.11120523709734104,12.590638161681973,0.3464487262677248,0.05357999624019912,0.43317005284390886,0.0,True,STU_0351,nsga2,19,31.96158816688694
0.2496403542444286,0.27592984677295973,8.338668075475975e-05,0.0002898422547000926,0.0697886722730624,14.172581146442834,0.2789507491147381,0.04752104810354366,0.4764322267336544,0.0,True,STU_0351,nsga2,19,31.96158816688694
0.010686112952322802,0.3799929532534783,6.570577565058011e-05,6.199014218393438e-05,0.38208335336990384,8.180891405343282,0.5735651103213271,0.20024037767899444,0.6037771427732903,0.0,True,STU_0351,nsga2,19,31.96158816688694
0.00011143530802973584,0.6574182385378577,9.828345591691203e-06,0.06908937782353772,0.11216680593026104,9.861713632623319,0.7966332589655064,0.06194431659501592,0.24490352153062278,0.0,True,STU_0351,nsga2,19,31.96158816688694
0.7013484730051187,0.2323313116473546,3.346228821661637e-05,8.048469058791023e-05,0.8524219413996772,10.126832971504877,0.4137406960820028,0.19328333366292302,0.7264877794641849,0.0,True,STU_0351,nsga2,19,31.96158816688694
0.6643786330961129,0.6474700845041143,5.6277778034611086e-05,0.0005676343744435378,0.25647863243936736,13.56479783474898,0.29252444495110014,0.0662478472665646,0.4840044875411137,0.0,True,STU_0351,nsga2,19,31.96158816688694
0.6564890065060613,0.6640931898538052,8.338668075475975e-05,0.00029473567814383814,0.7353939991925642,10.615812359777916,0.40197652267421674,0.14485851544308664,0.6271300165546569,0.0,True,STU_0351,nsga2,19,31.96158816688694
0.0006421938417574425,0.7334961116614331,0.023239252657841172,0.015518987734502129,0.0018995483199525515,11.248587815824342,0.5986776574913647,0.009364450903603829,0.18959086781292067,0.0,True,STU_0351,nsga2,19,31.96158816688694
0.6316917337967469,0.7540569735490238,4.964562266483829e-05,8.50986706863986e-05,0.32051048118791686,12.718043833620774,0.32131540975845585,0.07608179310910676,0.4854237718465775,0.0,True,STU_0351,nsga2,19,31.96158816688694
0.000632530255856617,0.0005980496141244074,0.031751359245245483,0.04495100405358498,0.0009503374810960712,15.30325970391839,4.257921019655536,0.1456715550520677,0.0991004585815819,0.0,True,STU_0351,nsga2,19,31.96158816688694
0.0012755213973440552,0.5662268137672437,9.89146357795448e-06,0.0004124390900032827,0.5045530748108381,8.249283697162518,0.571291241607603,0.19057281995215417,0.39513103705897923,0.0,True,STU_0351,nsga2,19,31.96158816688694
0.6992601791924618,0.6431070717672818,1.731150026190581e-06,3.918615927897236e-05,0.3196722279132209,13.158480535416356,0.30222210980325814,0.07789715204072097,0.4922909850083802,0.0,True,STU_0351,nsga2,19,31.96158816688694
0.31442038971364483,0.6524711609491096,0.0005944048174490271,0.003470907644349707,0.0970732238888209,13.138914875858248,0.333302392293106,0.037237759845462556,0.41623066550332555,0.0,True,STU_0351,nsga2,19,31.96158816688694
0.013970775248250846,0.10147509175665345,0.8621918778168927,0.029499862839551253,0.0007120634698016535,16.392760213162973,3.640341722410643,0.18783512439864808,0.1373285930968936,0.0,True,STU_0351,nsga2,19,31.96158816688694
1.2028453650198e-06,0.008326349992975348,0.03557581854252362,0.28815054189795664,0.008613594680325451,14.926519959994803,4.334364350096454,0.11272900397850459,0.08804873477676034,0.0,True,STU_0351,nsga2,19,31.96158816688694
9.218400109949412e-05,0.002917392655733554,0.003767364573051938,0.12115840579340963,0.008355244755460983,14.811074189461305,4.247343933417005,0.11480685509546032,0.10590548126270949,0.0,True,STU_0351,nsga2,19,31.96158816688694
0.025696266092541553,0.5773675962522975,0.0037435952641589605,0.15053773626946212,0.048302437191519,9.930812695857693,1.2120438907004323,0.042942991927053274,0.26928948886029047,0.0,True,STU_0351,nsga2,19,31.96158816688694
0.009469101729160045,0.640083068887381,0.00010385191652919663,1.4439085787000213e-06,0.46616567886542937,8.55636163475649,0.5485476139281252,0.16922006789155292,0.38112030848150946,0.0,True,STU_0351,nsga2,19,31.96158816688694
5.377634559936977e-05,6.756251117624084e-05,0.9229605171621384,0.03956804391917787,0.08706866344853717,15.846075800523344,3.796692587412972,0.22707177796783348,0.09615880131584709,0.0,True,STU_0351,nsga2,19,31.96158816688694
0.22981700080686082,0.6660409157348365,5.645436575270438e-05,0.00029487473953206925,0.12307607967382089,12.171079263266757,0.3574800826521145,0.04894200949874862,0.4039880516919776,0.0,True,STU_0351,nsga2,19,31.96158816688694
0.0289123560460664,0.640083068887381,5.661379956754197e-05,1.4439085787000213e-06,0.46616567886542937,8.669576720480004,0.5390067665330658,0.16631983618028287,0.3876256071341291,0.0,True,STU_0351,nsga2,19,31.96158816688694
0.000807682313353465,0.23460480120142024,1.7514792823214945e-05,0.03811257194940785,0.09927877352156753,8.90234075037993,0.9255836426375476,0.1175182838961213,0.3350263988796709,0.0,True,STU_0351,nsga2,19,31.96158816688694
0.2543027306402187,0.45595080665499255,1.5046070187380598e-05,4.896960147816988e-05,0.133014920581021,12.434074343638294,0.3385438989541674,0.06388811305598749,0.45338532515738683,0.0,True,STU_0351,nsga2,19,31.96158816688694
9.218400109949412e-05,0.01787489881960537,0.003767364573051938,0.12115840579340963,0.002358310117006098,15.141053351757321,3.9958173991872923,0.0910033034638297,0.16394358276024057,0.0,True,STU_0351,nsga2,19,31.96158816688694
7.155096852015956e-05,0.0006678364252354198,0.9212852118332265,0.07592929100705156,0.16552282955043512,15.674000961082417,3.6142762592776876,0.2348217760426534,0.12815620647487258,0.0,True,STU_0351,nsga2,19,31.96158816688694
0.815328133224936,0.31152081740514626,8.338668075475975e-05,0.00029597788769010133,0.8758397134097382,10.531899999329347,0.3943934992049631,0.17710884518029185,0.6999095034147715,0.0,True,STU_0351,nsga2,19,31.96158816688694
0.6662871310669586,0.5342206781313533,3.7743934994625466e-05,9.814892269555879e-05,0.8139456280737086,10.31389764617677,0.4131391065717767,0.16363901178399462,0.658079897512659,0.0,True,STU_0351,nsga2,19,31.96158816688694
6.920400826526525e-07,0.902138997668706,0.00025595089885741625,0.2944294404393912,0.002626297418658472,9.828754718515961,1.433838451927459,0.0241297967469551,0.2553065933871209,0.0,True,STU_0351,nsga2,19,31.96158816688694
0.6224075441148076,0.9997707111918648,0.00026671016357571685,0.0015251916694369399,0.2541378101287922,12.976141900489282,0.3221945377801422,0.054910343232420146,0.45467751891211017,0.0,True,STU_0351,nsga2,19,31.96158816688694
0.7390268442955705,0.19213956348615926,2.0894253358720675e-05,4.896960147816988e-05,0.8571307051398374,10.236366851794584,0.4060222191103925,0.19411400505361845,0.7350643839583959,0.0,True,STU_0351,nsga2,19,31.96158816688694
0.0003014884534218173,0.017149987583431114,0.0021410712959844605,0.10565074219560049,0.0011598768086141797,15.184889582424155,3.96691690402824,0.08636031011911294,0.17218170219027773,0.0,True,STU_0351,nsga2,19,31.96158816688694
0.0006019445758604068,0.7334961116614331,0.05639255208843637,0.05654802017414766,0.2891215421511585,9.078603163397798,0.8833147698458673,0.11848576213654798,0.3285659570469782,0.0,True,STU_0351,nsga2,19,31.96158816688694
0.002609299722273172,0.002868004052471373,0.00373843486004049,0.12246288273698942,0.018532325201879724,14.859310339983997,3.9439021319883136,0.13238606445652581,0.1613181471888575,0.0,True,STU_0351,nsga2,19,31.96158816688694
0.0014702261232769423,0.0013652782532647548,0.9237672195117594,0.10024929610795129,0.07500586852193529,15.809394847680505,3.8649801638035677,0.21725547109351565,0.09830118089999329,0.0,True,STU_0351,nsga2,19,31.96158816688694
0.6159539399722221,0.9998131997585602,6.336621255632972e-05,0.002000145235310509,0.07624703933443794,14.597226938125328,0.27862028410693723,0.018347890377850562,0.4170398153906242,0.0,True,STU_0351,nsga2,19,31.96158816688694
0.000632530255856617,0.0022329539987250846,0.031751359245245483,0.04605866413481261,0.0009515207816846302,15.34936247637143,4.1852064938597024,0.1420632785399302,0.11033383869072322,0.0,True,STU_0351,nsga2,19,31.96158816688694
9.60654581010766e-05,0.006807418169410828,0.9229605171621384,0.0019095688126125124,0.20138748224416547,15.701188921636152,3.443253675136497,0.24806875934419,0.1401147171616527,0.0,True,STU_0351,nsga2,19,31.96158816688694
0.5966507807152895,0.9997707111918648,0.00026671016357571685,0.0015251916694369399,0.14181941645374688,13.81048643645498,0.29896184701193196,0.033125009674638384,0.4309428445885236,0.0,True,STU_0351,nsga2,19,31.96158816688694
0.0002512228318711102,0.7561553547130296,0.06520140729961074,0.0006776771499767394,0.020512265520844453,10.97453401410597,0.6987753645889668,0.02664341151090718,0.1919434257809446,0.0,True,STU_0351,nsga2,19,31.96158816688694
0.00017020095445545533,0.5941519811009998,0.005347428883193143,0.0001957546977839758,0.01972703027078929,11.223190757972976,0.4488447406833982,0.014788739787490941,0.2166491004977701,0.0,True,STU_0351,nsga2,19,31.96158816688694
0.6263393292057007,0.6567708777997115,0.002734435399256164,0.00032237583554771204,0.6766177869426526,10.717716126385186,0.4025247285405142,0.13992940313641986,0.6210697764767277,0.0,True,STU_0351,nsga2,19,31.96158816688694
0.6989423551901637,0.6723909926790638,0.0015295622192915137,0.00012694566868234815,0.25937527267213933,13.676130167399274,0.29110121106284703,0.06456237357795029,0.4834884931972949,0.0,True,STU_0351,nsga2,19,31.96158816688694
0.013033950108549353,0.9855254207673918,0.0009029346108535032,0.06194766519018988,0.3113832214957504,9.480949378397668,0.6720168664286532,0.09627035863502954,0.30190659368492456,0.0,True,STU_0351,nsga2,19,31.96158816688694
0.7693191738482887,0.9458825477271106,4.460863904592665e-05,0.0002887639374023565,0.28159822752805713,13.46176509903146,0.29916719971350314,0.057123980942353283,0.4754473983398805,0.0,True,STU_0351,nsga2,19,31.96158816688694
2.613239383423166e-06,0.14024045623701298,0.8990992697690832,7.985911351227867e-07,0.0006585608631667281,16.43983621966082,3.5563893496623376,0.18699222811818245,0.13921593126418663,0.0,True,STU_0351,nsga2,19,31.96158816688694
6.947230048235005e-06,0.0001879998785247138,0.016563420557513087,0.27265473626283776,0.02986019595060388,14.757539071333927,4.200844672260091,0.12978520531748533,0.1070202938662893,0.0,True,STU_0351,nsga2,19,31.96158816688694
0.24242466188248046,0.6569371473242088,5.913552799704499e-06,0.0014873232260114518,0.1443615043463208,12.028283303085257,0.3655200497227749,0.056072819181744296,0.4148580527603202,0.0,True,STU_0351,nsga2,19,31.96158816688694
0.016382807281152267,0.47229793997768293,6.620837998245219e-06,4.896960147816988e-05,0.014069099143324104,11.548915809380691,0.40208095357502577,0.011344433578967293,0.2393140772769471,0.0,True,STU_0351,nsga2,19,31.96158816688694
0.6216062283797316,0.5921113927550095,5.384846003644346e-05,0.00016434811204010794,0.38716291950027326,12.259072064755939,0.33319164702857185,0.09795032680815968,0.497567912650442,0.0,True,STU_0351,nsga2,19,31.96158816688694
0.6643049276796115,0.5888807858686329,0.00037446914045191713,0.0001331271674345838,0.3315255670309895,12.928150483828453,0.30989897220644863,0.08475884463542033,0.49691777954939287,0.0,True,STU_0351,nsga2,19,31.96158816688694
6.920400826526525e-07,0.0230668287498631,0.8795672186062036,0.2987961401158512,0.005910278244037181,15.749467907652084,4.0978738467580635,0.18272914472555568,0.11023208017494224,0.0,True,STU_0351,nsga2,19,31.96158816688694
0.6692912796048016,0.8077406797556554,0.0005359705188157722,0.00015986682399289704,0.16701234593964295,14.266053597853999,0.27743031639120747,0.041204610622311996,0.4676855534491635,0.0,True,STU_0351,nsga2,19,31.96158816688694
0.5945755036750131,0.8831663165561106,2.726681211948944e-05,0.0005099010904424193,0.9274930519640651,9.950465727806337,0.44115484110504066,0.156161413079955,0.6160380420914804,0.0,True,STU_0351,nsga2,19,31.96158816688694
0.00032909882715655755,0.32959981946649414,0.007867209982151752,0.049281646565186396,0.04987524327427939,9.759953337495164,0.9823906716853644,0.06077519866365266,0.2536534165511972,0.0,True,STU_0351,nsga2,19,31.96158816688694
0.009389173079437806,0.5706589053384938,5.163324363864104e-05,0.12354351147165493,0.08613249417547031,9.665610638782494,1.0933570577390437,0.05896569587433943,0.2659937264199168,0.0,True,STU_0351,nsga2,19,31.96158816688694
0.0008112612585339887,0.612329041341072,8.095094039482927e-05,0.1559550244973429,0.11634356557668307,9.34815213879837,1.188127424425166,0.06987350958071825,0.27622202117028183,0.0,True,STU_0351,nsga2,19,31.96158816688694
1.0755305824281143e-05,0.03481735278687356,0.9533380691314712,0.05315773797399381,0.23881889592045796,15.669684770444272,3.358735660688114,0.24033731185810384,0.1632178485382233,0.0,True,STU_0351,nsga2,19,31.96158816688694
0.6989423551901637,0.6723909926790638,0.00029045549144326045,0.0015379360131621519,0.4163696181964873,12.374761329485908,0.3326732733203481,0.0943474770613727,0.495428925660128,0.0,True,STU_0351,nsga2,19,31.96158816688694
9.218400109949412e-05,0.6008871278987945,0.00373843486004049,0.12110208813469761,0.2036935138234088,9.022192779911025,1.0417825954909177,0.10193239557845124,0.31335610133220326,0.0,True,STU_0351,nsga2,19,31.96158816688694
0.25742080861736727,0.6569371473242088,2.358601338907141e-05,0.00016002943720836316,0.18154079150572722,11.774978568265032,0.3687080963944781,0.06709736458680556,0.42926396101904474,0.0,True,STU_0351,nsga2,19,31.96158816688694
0.000632530255856617,0.0019914190660264017,0.9228675493142352,0.07436201736685463,0.002371565444739861,15.984511603044252,4.072473078341552,0.20686678984193704,0.06742714178015652,0.0,True,STU_0351,nsga2,19,31.96158816688694
0.040305861996132064,0.6567708777997115,5.6277778034611086e-05,3.7289976925074394e-05,0.6572065069076045,8.29036141745655,0.5635354966050308,0.19653637921060932,0.6070797620713653,0.0,True,STU_0351,nsga2,19,31.96158816688694
0.22981700080686082,0.6660360090182409,5.645436575270438e-05,0.00029487473953206925,0.0164765986295373,13.696201998123268,0.3109334223751508,0.007355343992171646,0.36050792684284283,0.0,True,STU_0351,nsga2,19,31.96158816688694
0.0007234795694661829,0.489068805417474,2.3609089565860622e-05,0.04396792081575843,0.262403250425443,8.757383995120005,0.7515295373883251,0.13870281157942815,0.3546342976040816,0.0,True,STU_0351,nsga2,19,31.96158816688694
0.000805609859404542,0.619665728543639,8.156440565577524e-05,0.16197581247772913,0.079777921026638,9.54046956685489,1.2235508797463805,0.05524066289252289,0.2585590704631,0.0,True,STU_0351,nsga2,19,31.96158816688694
0.6784072673269432,0.9366650170435654,0.00025222223225008166,0.0015251916694369399,0.14181941645374688,14.320332253112147,0.2812279674463252,0.03277221041530417,0.45040010173021494,0.0,True,STU_0351,nsga2,19,31.96158816688694
1.1238847817888028e-05,0.5808473527383633,0.0006636108479695264,0.1540911211985859,0.003529181312513594,10.032657560237219,1.2824010293350598,0.021828360864175837,0.2295693343458357,0.0,True,STU_0351,nsga2,19,31.96158816688694
3.873811580482311e-05,0.6660367612786332,3.981189753583065e-05,0.022513022261557963,0.009864278637004564,11.178897065194588,0.5450283749445661,0.008777634458214367,0.20223057915400033,0.0,True,STU_0351,nsga2,19,31.96158816688694
1.0755305824281143e-05,0.03481735278687356,0.9656081424155623,0.05315773797399381,0.23574332198033449,15.677795950499569,3.3715226714565865,0.23971291910528128,0.16129930984110719,0.0,True,STU_0351,nsga2,19,31.96158816688694
9.218400109949412e-05,0.8711336813574493,0.013654641307920493,0.047842164736858414,0.0006120752596152357,11.090341611376711,0.6730368772096579,0.00826967773125827,0.1832512246200113,0.0,True,STU_0351,nsga2,19,31.96158816688694
0.00013709764615262992,0.553566540163432,0.0009341050556705265,6.985005959293453e-05,0.31861112907486,8.812172374531196,0.5372244837732199,0.14799393571001204,0.3606748160150185,0.0,True,STU_0351,nsga2,19,31.96158816688694
0.00030258957544317025,0.5484393640853191,0.0002984963652633134,0.0026782724384498413,0.012209363546872881,11.32441207206189,0.43418728050878463,0.00933162282097793,0.21336330632548028,0.0,True,STU_0351,nsga2,19,31.96158816688694
0.00040175274292094884,0.1560799011959262,0.8621918778168927,0.0030089626888183396,0.0007120634698016535,16.48438794872359,3.4912538376075775,0.1827143707306974,0.1520362164403718,0.0,True,STU_0351,nsga2,19,31.96158816688694
0.014262222353840517,0.15853519561158874,0.8621918778168927,0.019275794704782415,0.0007120634698016535,16.541623676426067,3.4551440885592166,0.17852841002944972,0.16822888214812515,0.0,True,STU_0351,nsga2,19,31.96158816688694
1.2028453650198e-06,0.620352843977495,0.03557581854252362,0.10450039457818358,0.008651320812951453,10.27183211933991,1.146201129520535,0.027387795455131574,0.22388589644315937,0.0,True,STU_0351,nsga2,19,31.96158816688694
0.01286833760922181,0.5663462603857793,1.00795846185223e-05,0.00011951303757071273,0.5008400364778806,8.328223218583126,0.5634174939124605,0.1877954527177296,0.39919269483562403,0.0,True,STU_0351,nsga2,19,31.96158816688694
0.7053781778004035,0.9393736116221375,2.810916041903072e-05,0.0015251916694369399,0.1418142010740027,14.447814049082268,0.276699839312348,0.032204201311237884,0.4536878141553198,0.0,True,STU_0351,nsga2,19,31.96158816688694
0.886301389934842,0.5798722410979629,2.439450293256912e-05,4.896960147816988e-05,0.7332264549566038,11.430557648813188,0.35894546750080253,0.13501713834496634,0.5197596629838085,0.0,True,STU_0351,nsga2,19,31.96158816688694
0.00035961948431062225,0.9134294008969341,0.00010545962061361278,0.11527193024926691,0.01622913739812411,10.597729381795528,0.8721420409662629,0.016729339791215905,0.19470064181522673,0.0,True,STU_0351,nsga2,19,31.96158816688694
0.03517487512239548,0.8831663165561106,0.0002885388178376601,0.009213943533361163,0.1930945260508345,10.219032551830766,0.4880932801564932,0.07059829444072617,0.30464603195987794,0.0,True,STU_0351,nsga2,19,31.96158816688694
0.008474184080650593,0.6723909926790638,0.0018287044064523306,0.0882456043688499,0.25812618797256104,9.101129449632952,0.855062363553759,0.110075886126332,0.32016323603993635,0.0,True,STU_0351,nsga2,19,31.96158816688694
0.016464880710892582,0.6746606176280939,0.0006358550696798082,0.00012694566868234815,0.0011488431421299017,11.737827324599957,0.4000708653483344,0.0008868536704044143,0.220761695181249,0.0,True,STU_0351,nsga2,19,31.96158816688694
0.0003653971440708422,0.9047545151742211,0.00743832862193522,0.11744806994651316,0.0005662582681704303,10.6676006910367,0.9082965818091016,0.012551135725938599,0.1939951384436116,0.0,True,STU_0351,nsga2,19,31.96158816688694
0.0057769527077867755,0.5921113927550095,1.74616967124845e-05,0.00022277371849636343,0.38497537197637477,8.688354037989525,0.5410818916708134,0.15861989878136298,0.369945904075362,0.0,True,STU_0351,nsga2,19,31.96158816688694
1.2317951402911781e-05,5.283122007609942e-05,1.2025198091806556e-05,0.2619281943711741,0.07793499049419705,14.624108994259515,3.7101783574983753,0.1656716580748518,0.1772329248283918,0.0,True,STU_0351,nsga2,19,31.96158816688694
1.0755305824281143e-05,0.03481735278687356,0.9367187609208372,0.014325659861406215,0.23957951844888045,15.696265040232957,3.3087291446238405,0.2453908603313447,0.1664764795800362,0.0,True,STU_0351,nsga2,19,31.96158816688694
4.7422001596634745e-06,0.08196651187539315,0.9445846226415004,0.00010268448450958498,0.06034568267139194,16.148496385778184,3.5923105534328235,0.2101923566022139,0.12697269902619257,0.0,True,STU_0351,nsga2,19,31.96158816688694
0.3181000541443611,0.6523216562578493,0.0005944048174490271,0.00015986682399289704,0.6643548477155511,9.512688188002905,0.4705406036298847,0.16459928928387701,0.6136384340930383,0.0,True,STU_0351,nsga2,19,31.96158816688694
8.305397982016357e-06,0.6090755492964426,0.0028010182652521325,0.047842164736858414,0.005769371958042252,10.910515776788136,0.7242366687326804,0.011213734661330734,0.18603244154221632,0.0,True,STU_0351,nsga2,19,31.96158816688694
0.0032691889967223497,0.4890081493359764,1.3329964467658541e-05,0.058352302049553884,0.11216680593026104,9.606038263985987,0.8309133000744192,0.07686176342165825,0.2707766219594171,0.0,True,STU_0351,nsga2,19,31.96158816688694
0.00010586406347757498,0.010560732405059168,0.9430934878744754,0.12159962532071227,0.17536863108808032,15.649376205108208,3.609518182922665,0.2288455808015987,0.13652408017116902,0.0,True,STU_0351,nsga2,19,31.96158816688694
0.00035506395885229474,0.0037348839580646255,0.031751359245245483,0.05322191633962952,0.0009515207816846302,15.324230666612245,4.1672459511165965,0.1363457809644991,0.11237700463064082,0.0,True,STU_0351,nsga2,19,31.96158816688694
0.002298014338025456,0.0009527635130802681,1.1945989809209325e-05,0.2703293217042231,0.07685154241727743,14.671223435855394,3.707716870284765,0.16171954020720558,0.18266372699540157,0.0,True,STU_0351,nsga2,19,31.96158816688694
1.538100798843252e-08,0.09849193872063206,0.0002382404093029672,0.001969443747204258,0.0005703082939027965,11.347583578037337,0.4969392245460043,0.00462671540277801,0.20040245877334262,0.0,True,STU_0351,nsga2,19,31.96158816688694
2.1647882424778367e-05,0.006807418169410828,0.9229605171621384,0.052714280904948216,0.24461724508801258,15.593396396596955,3.3962713657488837,0.2472542874837133,0.15534519949110004,0.0,True,STU_0351,nsga2,19,31.96158816688694
0.000807682313353465,0.23470162219692195,1.7514792823214945e-05,0.0353810075247379,0.0950648686372952,8.968510088806125,0.9000479030556876,0.11434885914440916,0.32735654790230406,0.0,True,STU_0351,nsga2,19,31.96158816688694
0.32753629888909713,0.6618356264800234,0.0006198641786243393,1.6359659007694088e-06,0.09523287223384741,13.290390595611441,0.31565530604181546,0.03566385978334821,0.41848058105836217,0.0,True,STU_0351,nsga2,19,31.96158816688694
1.3349536067618908e-05,0.006807418169410828,0.9859866218929598,0.0002621017565568955,0.19316634219434542,15.73516483051594,3.4927621537022855,0.24550788241002028,0.13264041222964063,0.0,True,STU_0351,nsga2,19,31.96158816688694
4.755325804939054e-05,0.02579637475368801,0.9883298657309059,0.0001095155082703695,0.2743131513516991,15.657069561504956,3.275708909379027,0.2518914465736251,0.16963681048305645,0.0,True,STU_0351,nsga2,19,31.96158816688694
0.00017020095445545533,0.5808473527383633,0.00021094600582676273,0.1540911211985859,0.003529181312513594,10.035682021798937,1.2804295191749415,0.02170470287578609,0.22950901652150013,0.0,True,STU_0351,nsga2,19,31.96158816688694
9.218400109949412e-05,0.6098165020329562,0.00373843486004049,0.12110208813469761,0.2036935138234088,9.04114498341939,1.0357235469216246,0.10096249888220428,0.3109745952353187,0.0,True,STU_0351,nsga2,19,31.96158816688694
0.8705070502964183,0.6723909926790638,0.0015295622192915137,0.00011958472755393891,0.6667229327089663,11.668966624144378,0.3541424008021011,0.12226659745283987,0.5105710318754081,0.0,True,STU_0351,nsga2,19,31.96158816688694
0.00013709764615262992,0.5536633585759454,0.0009341050556705265,0.010932255040954237,0.3143969546318488,8.79668408762954,0.586184718729156,0.14608672196610015,0.35603577352572624,0.0,True,STU_0351,nsga2,19,31.96158816688694
4.707488093741973e-05,0.02579637475368801,0.9883298657309059,9.10362312320982e-06,0.2743131513516991,15.657147510696369,3.275607703426228,0.251903805538084,0.16964334981974838,0.0,True,STU_0351,nsga2,19,31.96158816688694
5.6619032096625184e-05,0.011688229287520212,0.9840602048104026,0.00301277853894013,0.314991901791874,15.572339146282019,3.2288846592857374,0.25910405697784705,0.17732716172044227,0.0,True,STU_0351,nsga2,19,31.96158816688694
6.947230048235005e-06,0.0001879998785247138,0.9533380691314712,0.005900144370137028,0.039012129330756956,15.997299882831552,3.9237704777975244,0.2226246156837306,0.07381772222915772,0.0,True,STU_0351,nsga2,19,31.96158816688694
0.2543027306402187,0.4874562569310156,1.5046070187380598e-05,4.896960147816988e-05,0.13236092463455765,12.409975004494743,0.34062665834960515,0.061330402385310845,0.44651065706846627,0.0,True,STU_0351,nsga2,19,31.96158816688694
0.002666939386218872,0.0025788709240943744,0.9807307769707836,0.167358088649732,0.2724158536276501,15.508309931717609,3.4698385160219534,0.2370552217343045,0.15645912677154816,0.0,True,STU_0351,nsga2,19,31.96158816688694
0.9620141106588841,0.6234290376267336,3.378211974190091e-05,0.0008147778247830086,0.6946016997075581,11.867083867578426,0.34262201394366737,0.1233718247615512,0.5174150093258381,0.0,True,STU_0351,nsga2,19,31.96158816688694
9.24162394108823e-06,0.14555736636450467,0.00539089157926026,7.985911351227867e-07,0.0019438162727835884,11.27852945826579,0.5379718600683383,0.012764726280699216,0.1982988390958117,0.0,True,STU_0351,nsga2,19,31.96158816688694
0.0006472832156090291,0.5351541895000121,5.2068913166693036e-05,0.12354351147165493,0.11178392588937408,9.345872651310758,1.1262229167150681,0.07385892579861468,0.27505795308990644,0.0,True,STU_0351,nsga2,19,31.96158816688694
0.8358509668532184,0.6454022809117113,5.6277778034611086e-05,0.0008930871427810256,0.948838388499521,10.50508924582703,0.40436872104666344,0.15811173069065876,0.6518407054032459,0.0,True,STU_0351,nsga2,19,31.96158816688694
0.000807682313353465,0.23416759647540675,3.5548289988347726e-05,0.0005290676639842541,0.09568223962067487,9.278367722543553,0.512483989646869,0.11716904863814806,0.3389799715526419,0.0,True,STU_0351,nsga2,19,31.96158816688694
0.00024976210197672107,0.009023056558951081,0.0709573972372558,0.10565074219560049,0.015839604261525753,15.271567493901468,3.906113660484945,0.15727614625011638,0.13819556773028585,0.0,True,STU_0351,nsga2,19,31.96158816688694
1.2028453650198e-06,0.023765950677253046,0.03603882329947319,0.28866896378869933,0.008629752101983083,15.049893541524302,4.164316826725334,0.10797576536759468,0.12252530201994405,0.0,True,STU_0351,nsga2,19,31.96158816688694
1.6159340281449176e-05,0.23460480120142024,4.3533330924871766e-05,0.03811257194940785,0.07790847451074842,9.125200292896771,0.9382387598373717,0.1002720938883967,0.3024573267907301,0.0,True,STU_0351,nsga2,19,31.96158816688694
0.0008218015158591892,0.026583773364565466,0.932631947836001,0.0002499745966027672,0.19748951986035035,15.760273042746014,3.4016699407080284,0.2430998151635003,0.14825326657267368,0.0,True,STU_0351,nsga2,19,31.96158816688694
0.05846339372527423,0.6567708777997115,1.5152203291907119e-05,2.940817674279561e-05,0.010361888641289674,12.083699210896123,0.3776278473870346,0.005791594558215472,0.2655431419854756,0.0,True,STU_0351,nsga2,19,31.96158816688694
0.6687109219585102,0.9997707111918648,0.0002700951416991669,0.005847243477538885,0.7223732981287709,10.806357790107041,0.4084127699755752,0.12230933769367938,0.49007002831626234,0.0,True,STU_0351,nsga2,19,31.96158816688694
0.9620141106588841,0.6136225782612588,3.378211974190091e-05,0.0008147778247830086,0.6946016997075581,11.868393257771762,0.342352668383848,0.12390453919026526,0.5180663413269745,0.0,True,STU_0351,nsga2,19,31.96158816688694
0.5812461494926097,0.9267704775719698,2.7014200047425703e-05,1.1141226779745194e-05,0.9274930519640651,9.937000370135129,0.4420719319123178,0.15423288700982193,0.6093140439168392,0.0,True,STU_0351,nsga2,19,31.96158816688694
0.005944376844473465,0.9862397975343227,0.0009200258037602694,0.06264923099430635,0.3113832214957504,9.443784761783872,0.6774150238828099,0.09671987240621358,0.29876474503867434,0.0,True,STU_0351,nsga2,19,31.96158816688694
1.6473820333467672e-05,0.011877599410362545,0.966962133825015,7.985911351227867e-07,0.000811644848408944,16.12764661262105,4.003010953559354,0.21353404789559952,0.06299432263760474,0.0,True,STU_0351,nsga2,19,31.96158816688694
0.05609133464201149,0.6452246205002106,5.6277778034611086e-05,0.003019136602847111,0.25647863243936736,9.712064581528391,0.4884111050156242,0.10841353183490991,0.36266263444890257,0.0,True,STU_0351,nsga2,19,31.96158816688694
