x0,x1,x2,x3,x4,obj_1,obj_2,obj_3,obj_4,constraint_violation,feasible,profile_id,algorithm,seed,runtime_sec
5.86919133822175e-06,0.33522817112404957,5.0993954097118115e-05,0.9980204711066772,8.677115365458843e-06,21.956273710749063,8.425018609410452,0.1684817504682492,0.0,0.0,True,STU_0529,nsga2,19,34.45687312493101
0.207571902523352,0.9494231177335056,3.1341017133571217e-09,2.1377151768607073e-07,7.412602533088397e-05,31.374723545452095,0.7915294014799586,6.183231115592297e-05,0.0,0.0,True,STU_0529,nsga2,19,34.45687312493101
6.312827096292032e-07,3.941039949945103e-05,1.7208479608587357e-05,4.923247745994286e-05,0.9970364294134715,18.8388554445112,1.800952013133572,0.9644169921446366,0.0,0.0,True,STU_0529,nsga2,19,34.45687312493101
0.003622846297765041,0.9967026120725271,1.0759858949589864e-06,2.9293251856265666e-08,2.332692885641946e-07,27.625014065865887,0.9610167301042286,7.848113455878004e-07,0.0,0.0,True,STU_0529,nsga2,19,34.45687312493101
0.0726660631075558,0.30492634684673636,1.656680155485754e-05,0.8609204291666024,0.16045409826994367,22.33925491110304,7.143661085445951,0.24912133794545094,0.0,0.0,True,STU_0529,nsga2,19,34.45687312493101
2.124774674878534e-05,1.4939223676489711e-05,4.4308807056420415e-05,0.08859857707543195,0.14324244006109926,19.290064379887465,5.289748618006364,0.6817790797989931,0.0,0.0,True,STU_0529,nsga2,19,34.45687312493101
2.675783734672676e-05,3.505855479383059e-05,3.9706823238274224e-05,0.08859857707543195,0.14324244006109926,19.290890376284906,5.289161356612169,0.681707064860678,0.0,0.0,True,STU_0529,nsga2,19,34.45687312493101
3.5507243938729856e-05,0.8866082297624166,0.00023768105910526463,2.6130969865359325e-05,0.8852087912747546,19.29481384307868,1.383341240696782,0.48186002446467896,0.0,0.0,True,STU_0529,nsga2,19,34.45687312493101
1.2701748678590856e-05,0.00010501570382216258,0.010641592632813926,0.5227719084159281,0.9430904750952994,19.280626109830166,5.0893870132313435,0.6993901152524411,0.0,0.0,True,STU_0529,nsga2,19,34.45687312493101
0.0013048460791101704,0.0022145923914486665,0.009467128962346168,0.32871947234175397,0.8053433270359273,19.2311338397495,4.4781151186623624,0.7459154523522621,0.0,0.0,True,STU_0529,nsga2,19,34.45687312493101
9.337566477742138e-06,0.06689783310326636,5.0871439948368664e-05,0.004674592702292646,0.04968096119260662,19.98816958498356,1.6944283014951758,0.40387453706981863,0.0,0.0,True,STU_0529,nsga2,19,34.45687312493101
3.4460258766892495e-05,0.005845849163800043,0.0002156198785742774,0.30885132224439954,0.8023596772740681,19.199421867132806,4.321408931712301,0.7549347380836504,0.0,0.0,True,STU_0529,nsga2,19,34.45687312493101
8.722756497455596e-05,3.505855479383059e-05,6.750559180782068e-05,0.08859857707543195,0.14865719208097608,19.28383248712429,5.2087659820722445,0.6879627305400553,0.0,0.0,True,STU_0529,nsga2,19,34.45687312493101
0.201059595101577,0.9439694121069357,8.083809869185552e-06,1.5005737240759776e-07,0.006356935781549569,31.094396014171572,0.8007536882791025,0.005328719535701904,0.0,0.0,True,STU_0529,nsga2,19,34.45687312493101
0.0001681254719582535,0.000308883910123771,7.86786660627258e-05,0.05969730464049949,0.12632359772311214,19.237985796852374,4.7221412648130645,0.7252488665404533,0.0,0.0,True,STU_0529,nsga2,19,34.45687312493101
2.629995094969183e-07,3.941039949945103e-05,0.03590419807249919,0.1067631447912796,0.9558930605880187,19.064950571162548,2.944066609759535,0.8778945518787648,0.0,0.0,True,STU_0529,nsga2,19,34.45687312493101
2.675783734672676e-05,3.505855479383059e-05,0.0004891578173572016,0.03714434522307879,0.14324244006109926,19.089351800188254,3.6955816724775894,0.8111534680397242,0.0,0.0,True,STU_0529,nsga2,19,34.45687312493101
0.014682731403218272,0.0025604708958718025,4.151235446103803e-05,0.2051508473025756,0.8123032499386974,19.268046970296414,3.5833628750255215,0.8018033412578547,0.0,0.0,True,STU_0529,nsga2,19,34.45687312493101
0.001590294363202577,0.2553708744725718,0.00021550528513904224,0.024601929943337018,0.14835582478906173,20.65453082287906,1.8236328632328802,0.3457912300998275,0.0,0.0,True,STU_0529,nsga2,19,34.45687312493101
0.008579116230400571,0.8832597897009251,0.0005032023625282676,0.20480233584768132,0.15593152634839297,22.60763272429531,2.6943226002664096,0.15701008939139305,0.0,0.0,True,STU_0529,nsga2,19,34.45687312493101
9.587135717460693e-05,0.9969008818085389,1.5311592729701275e-05,0.02022801856283024,0.06945665305000281,25.801923783757235,1.2034827805270152,0.06584277962085178,0.0,0.0,True,STU_0529,nsga2,19,34.45687312493101
3.6518194834943506e-05,3.3946829753249376e-05,0.0004098074398291981,0.059092816052979696,0.13612347046236817,19.202491695191323,4.573435565939412,0.7399247652366616,0.0,0.0,True,STU_0529,nsga2,19,34.45687312493101
0.2025989764474851,0.9436993839751117,8.063516688272725e-06,1.5005737240759776e-07,0.030292496955391424,30.442231322310278,0.8200041153163533,0.024835388432889575,0.0,0.0,True,STU_0529,nsga2,19,34.45687312493101
0.0001681254719582535,0.000308883910123771,7.868890889933378e-05,0.05754076449885299,0.12631759184067717,19.22872656936456,4.649630224022515,0.7310903945237107,0.0,0.0,True,STU_0529,nsga2,19,34.45687312493101
0.2041723119057075,0.9405920611031211,4.73879436033821e-05,3.6035986011303296e-05,0.017497589155376393,30.833235614868315,0.8083265781145426,0.014547234582335358,0.0,0.0,True,STU_0529,nsga2,19,34.45687312493101
0.003643211492436525,0.9345148917108543,2.041318577933262e-05,0.22700071048530585,0.1021907071120417,23.058317787531784,2.8143838022194907,0.11808702686855051,0.0,0.0,True,STU_0529,nsga2,19,34.45687312493101
0.0017270858494933842,0.3331955076590862,0.0004898854417516203,0.9360822243943128,0.1285042598165824,21.715001351369924,7.706981333819974,0.2391856487580183,0.0,0.0,True,STU_0529,nsga2,19,34.45687312493101
0.1880412979126399,0.9516611316718516,5.11192181306359e-05,4.407055631441179e-06,0.1303360336949776,27.905558525559464,0.9078661771728577,0.09899770652147656,0.0,0.0,True,STU_0529,nsga2,19,34.45687312493101
9.337566477742138e-06,0.00010226924171373442,4.288418194944938e-05,0.00254855140338206,0.04968096119260662,18.91272378999379,2.2490849586622526,0.9261013833551357,0.0,0.0,True,STU_0529,nsga2,19,34.45687312493101
3.6518194834943506e-05,3.3946829753249376e-05,0.00042344509991119325,0.033367852455062526,0.14892660217150167,19.061794164943418,3.484840625984615,0.8280995530266032,0.0,0.0,True,STU_0529,nsga2,19,34.45687312493101
0.021379862165800678,0.06329774530851723,4.612024073690006e-06,0.00031730864759810587,0.04968096119260662,22.771474355284667,1.1435157567116438,0.35633275496899613,0.0,0.0,True,STU_0529,nsga2,19,34.45687312493101
8.035526412470155e-05,0.00034230813686768335,0.00013775171520287723,0.5264359332853574,0.9841922990038564,19.249690583715015,4.981555271927846,0.7065952622729896,0.0,0.0,True,STU_0529,nsga2,19,34.45687312493101
0.014682731403218272,0.0025604708958718025,4.151235446103803e-05,0.2051508473025756,0.7716415237673884,19.286148884545305,3.6562931831868166,0.7951483976103559,0.0,0.0,True,STU_0529,nsga2,19,34.45687312493101
0.00010656771185802893,1.1236212209298282e-05,0.00015531989088028703,0.023754184652398057,0.15983067811609086,18.9980529183047,2.9855925934481067,0.8679659111704704,0.0,0.0,True,STU_0529,nsga2,19,34.45687312493101
5.018524190636561e-06,0.005845849163800043,4.0369075875632043e-05,0.29394349293064975,0.8023596772740681,19.18738723397726,4.231279287899162,0.762160152833597,0.0,0.0,True,STU_0529,nsga2,19,34.45687312493101
0.0011495081140724412,0.25594766314960693,0.01500058368418865,0.00041925054988305177,0.15088338197055615,20.884517280246584,1.5771724333916468,0.36215761494898724,0.0,0.0,True,STU_0529,nsga2,19,34.45687312493101
0.00311199020443061,0.9877472458055763,4.664021629572355e-06,0.02098396574116297,0.8157219443553057,19.830615529685936,1.450411747070956,0.43308258410002254,0.0,0.0,True,STU_0529,nsga2,19,34.45687312493101
2.8865557536166915e-05,0.23135385979062872,0.00048613014326477573,0.012361430068470292,0.14871174183469635,20.45295703711674,1.6050533949226513,0.37273813939756606,0.0,0.0,True,STU_0529,nsga2,19,34.45687312493101
0.00012795226903033772,0.2861936193395727,2.893616588987466e-05,0.01918029522380505,0.14897329326036288,21.02112626065966,1.6593561326698927,0.3256651651148909,0.0,0.0,True,STU_0529,nsga2,19,34.45687312493101
0.0009478531203721003,0.4070813115208457,0.00022045277158221432,0.8564694135129067,0.09617606054112474,22.253358392581216,7.296652616880725,0.20987925858475898,0.0,0.0,True,STU_0529,nsga2,19,34.45687312493101
0.0009451698672560602,0.26693405435535333,0.00013466263569045779,0.8341656218202089,0.0775491081104067,21.654555668389357,8.066804862976745,0.2225887841372161,0.0,0.0,True,STU_0529,nsga2,19,34.45687312493101
0.001702260288920573,0.3418316978670443,0.0001821274025869181,0.03725196492465391,0.14413090294019076,21.463726686482353,1.9008756180681285,0.28088324298958006,0.0,0.0,True,STU_0529,nsga2,19,34.45687312493101
0.0005371049897966274,0.007822256367026548,0.0011263053656642825,0.02193515429479157,0.17910953761479798,19.273878634843584,2.758033418119151,0.8467521175658697,0.0,0.0,True,STU_0529,nsga2,19,34.45687312493101
0.11531820898755535,0.9659042803439527,4.9532793225018784e-05,1.650433886524163e-05,0.019884687217887227,29.17810405342571,0.8791289235424801,0.01744319109228234,0.0,0.0,True,STU_0529,nsga2,19,34.45687312493101
0.13828748404844213,0.7517749388049647,4.66641946350131e-05,3.430317349455489e-05,0.018897528872051837,30.128943496650656,0.8359745613685808,0.0200853341191888,0.0,0.0,True,STU_0529,nsga2,19,34.45687312493101
0.1964627199748994,0.8598697755492598,5.2070609695317366e-05,4.407055631441179e-06,0.1303360336949776,28.06734242709076,0.8970501017182653,0.10595283717699933,0.0,0.0,True,STU_0529,nsga2,19,34.45687312493101
2.0487523443217836e-05,0.4070813115208457,0.00022045277158221432,0.8699071833388671,0.0450751290747638,22.38137804695415,7.551108228402162,0.1810180354691566,0.0,0.0,True,STU_0529,nsga2,19,34.45687312493101
0.007066582554557985,0.37687845537686676,3.9417076302368604e-05,0.09023596163000942,0.024739985110690768,23.713220715163988,2.7953933995469433,0.0885633304632958,0.0,0.0,True,STU_0529,nsga2,19,34.45687312493101
0.002510092034806264,0.30492634684673636,1.656680155485754e-05,0.8705354904523945,0.05701888595079105,21.874660447188877,8.026463356024747,0.2031706475832539,0.0,0.0,True,STU_0529,nsga2,19,34.45687312493101
0.014682731403218272,0.0025604708958718025,1.8955235783931832e-05,0.2051508473025756,0.9132897641616896,19.228780436780237,3.424701697361373,0.8162760112926907,0.0,0.0,True,STU_0529,nsga2,19,34.45687312493101
0.09120340030672422,0.9611187356147097,1.3255204474612936e-05,2.184336170771001e-08,0.8747325825946886,20.307981778917295,1.2983432100892718,0.43780831877637066,0.0,0.0,True,STU_0529,nsga2,19,34.45687312493101
2.7978508488798392e-05,1.1236212209298282e-05,0.0027327278320079056,0.02417214060928128,0.15257046004203112,19.049586947611264,3.1489455530278443,0.8578684567991891,0.0,0.0,True,STU_0529,nsga2,19,34.45687312493101
0.0002559309532917872,0.33013531707606086,0.0002256935740041424,0.7952335075998663,0.11567899399414408,21.925426486496853,7.427579193332402,0.23411107079235313,0.0,0.0,True,STU_0529,nsga2,19,34.45687312493101
0.00020712324279098212,0.24961893338540675,0.00020721599659848935,0.8904757564808998,0.14897329326036288,21.307063329328106,7.944861199817055,0.2669233197572964,0.0,0.0,True,STU_0529,nsga2,19,34.45687312493101
0.001773457001829806,0.42524481206407705,0.020792322886770902,0.02368823268064412,0.21101045189671153,21.180112046232445,1.8307881042415153,0.3216750248851031,0.0,0.0,True,STU_0529,nsga2,19,34.45687312493101
0.20070788687420735,0.9454821757719768,2.0003462175252216e-05,2.9293251856265666e-08,0.9135265149407175,20.971335285982768,1.2413353905495765,0.4277763552919861,0.0,0.0,True,STU_0529,nsga2,19,34.45687312493101
0.0799881621070252,0.9044677272332999,1.921208634956097e-06,0.00032371841316600723,0.031197993788104034,28.318195573131565,0.9174250721521353,0.029689876057321686,0.0,0.0,True,STU_0529,nsga2,19,34.45687312493101
3.5507243938729856e-05,0.20328740075250273,7.990335962177763e-05,0.02808877260653808,0.10394885390740834,20.790619623790548,2.0600654478459015,0.3178541944257304,0.0,0.0,True,STU_0529,nsga2,19,34.45687312493101
0.0011495081140724412,0.25594766314960693,0.01500058368418865,0.00041925054988305177,0.1712671170086155,20.500839262817678,1.5874256428693478,0.3898241919092669,0.0,0.0,True,STU_0529,nsga2,19,34.45687312493101
0.0002600448019897377,0.32185788943404303,0.00013137810917861507,0.04275347457641032,0.08307028751754847,22.462695206981525,2.072423239503455,0.2004372674610482,0.0,0.0,True,STU_0529,nsga2,19,34.45687312493101
2.8865557536166915e-05,0.2273440373414507,0.0004890078009824256,0.0003273778834825842,0.14843622136784698,20.58125455100546,1.3138062392940626,0.380993729111303,0.0,0.0,True,STU_0529,nsga2,19,34.45687312493101
3.3944738092738816e-05,0.00013826790238394987,0.00026867955763196856,0.06869655736972215,0.13549455255599885,19.24357012106526,4.875049964823131,0.7148582011734513,0.0,0.0,True,STU_0529,nsga2,19,34.45687312493101
2.7978508488798392e-05,0.23360901500689055,0.00012489258024650507,0.02417214060928128,0.15257046004203112,20.251961179729705,1.8646178881894009,0.3718799638651578,0.0,0.0,True,STU_0529,nsga2,19,34.45687312493101
3.562628385257997e-05,0.0004972418818059319,0.00022486696360300435,0.03213738623059795,0.06391769975743176,19.277628150564997,4.844602417077277,0.7126825864285575,0.0,0.0,True,STU_0529,nsga2,19,34.45687312493101
0.003909087615359283,0.9803337142231008,0.00021846059269566579,0.009685949837820732,0.08911701078696666,25.64554609428179,1.1206520790081613,0.0814626331837752,0.0,0.0,True,STU_0529,nsga2,19,34.45687312493101
6.656903939822214e-05,0.23030011493393396,0.00022154120964915067,0.025614146066951726,0.0025258166672426086,25.533022228620982,1.9665307475862461,0.03213633045978034,0.0,0.0,True,STU_0529,nsga2,19,34.45687312493101
0.0002559309532917872,0.23116446848733102,0.0001325849909655032,0.797746760751098,0.11587519335841641,21.39486837740752,7.992690150595814,0.25442639758757024,0.0,0.0,True,STU_0529,nsga2,19,34.45687312493101
0.0008349069598655758,0.9369965370206264,0.00013057061974312357,0.12527794735185357,0.028018485859781186,24.97157233798136,2.130430460987988,0.0506615067227598,0.0,0.0,True,STU_0529,nsga2,19,34.45687312493101
1.0493169533900447e-05,0.37360358856800396,0.0004979544666797904,0.9282352493393657,0.06132091349852674,22.071418185349224,7.789347234655511,0.19674838197391178,0.0,0.0,True,STU_0529,nsga2,19,34.45687312493101
0.0009469565553059597,0.2818874689031975,0.00013466263569045779,0.7985403565189703,0.0775491081104067,21.79078855278665,7.887128147881793,0.2196410973963935,0.0,0.0,True,STU_0529,nsga2,19,34.45687312493101
0.0006949619013929872,0.28546266052919944,4.77776627914229e-06,0.003235702612699509,0.0011346678963434775,27.292770563783677,1.0765984787746448,0.00628170012474309,0.0,0.0,True,STU_0529,nsga2,19,34.45687312493101
0.00044614118889252374,0.40784966570998704,1.0659923003317868e-05,0.02225080328083595,0.004949945779520973,26.356558192347983,1.4824306166111567,0.022473219937966464,0.0,0.0,True,STU_0529,nsga2,19,34.45687312493101
0.005804918143053712,0.009644334027948027,6.752324983236672e-05,0.2887547308126996,0.8053433270359273,19.271708395598043,4.160246575671603,0.7586169541146048,0.0,0.0,True,STU_0529,nsga2,19,34.45687312493101
0.0799881621070252,0.6614204483225659,1.921208634956097e-06,5.001531467424241e-07,0.031197993788104034,28.575560199791873,0.8984271017723753,0.03894798642203847,0.0,0.0,True,STU_0529,nsga2,19,34.45687312493101
0.0008349069598655758,0.9479887497979969,0.00013057061974312357,0.2920918602485764,0.028018485859781186,23.2957857420768,3.2771343523543166,0.07314542555743613,0.0,0.0,True,STU_0529,nsga2,19,34.45687312493101
0.0001815147647350758,0.35930003288411516,0.00041587421381007305,0.818886301470561,0.05193597010380854,22.231875337490806,7.633994743531128,0.1906173536164839,0.0,0.0,True,STU_0529,nsga2,19,34.45687312493101
0.0004022270789365689,0.010041808774323757,0.00037322604514740073,0.025020837905759576,0.9924347017825185,18.939846848251747,2.0165536838140126,0.9365473787029547,0.0,0.0,True,STU_0529,nsga2,19,34.45687312493101
0.0006962909718043907,0.9738760020333046,0.00022296098885906312,0.13461764684504146,0.0362888288568915,24.80955448062744,2.1631230045306533,0.05709249300424754,0.0,0.0,True,STU_0529,nsga2,19,34.45687312493101
3.8027856271627205e-05,0.43559143891032415,4.284040017292295e-05,0.93635459477728,0.1387640260371712,22.112768217039296,7.2185130083148135,0.22808353914977367,0.0,0.0,True,STU_0529,nsga2,19,34.45687312493101
0.20536087971634012,0.9220362516519465,1.4964436736171246e-05,1.5005737240759776e-07,0.07196361077828535,29.46507588142231,0.8496195885476042,0.057877298169694114,0.0,0.0,True,STU_0529,nsga2,19,34.45687312493101
0.207571902523352,0.9677481927265089,1.971744280830105e-09,2.1377151768607073e-07,7.412602533088397e-05,31.307106067642124,0.7942261037942961,6.0867801245028054e-05,0.0,0.0,True,STU_0529,nsga2,19,34.45687312493101
0.0003056057245810562,0.9849794672335459,3.7631729320388296e-06,0.2934408656619619,0.02043117980616139,23.4597395729915,3.228572727236466,0.06600158358437862,0.0,0.0,True,STU_0529,nsga2,19,34.45687312493101
0.009658781817271131,0.33442886665367005,3.91319954624147e-06,0.061313049764546684,0.029283066331634744,24.100659356012045,2.4052408609062086,0.09672239271247038,0.0,0.0,True,STU_0529,nsga2,19,34.45687312493101
0.0007206201199019711,0.8832597897009251,0.0004256171523157701,0.06912678217803364,0.16059414841140257,23.601633310912945,1.7060602406991294,0.1531862906436578,0.0,0.0,True,STU_0529,nsga2,19,34.45687312493101
0.10081414188811955,0.9758912800988198,2.0824006061955655e-05,9.059460389413315e-06,0.06940021318163227,27.773007719588456,0.9305140121978218,0.058413036875164366,0.0,0.0,True,STU_0529,nsga2,19,34.45687312493101
0.20536087971634012,0.9017100288360718,1.4475937414892007e-05,1.5005737240759776e-07,0.055178145100943835,29.927360953908476,0.8338755937370766,0.04579580526734843,0.0,0.0,True,STU_0529,nsga2,19,34.45687312493101
0.001702260288920573,0.3591864978286335,0.0001821274025869181,0.03725196492465391,0.14413090294019076,21.616649375130272,1.870918019952021,0.271896905510619,0.0,0.0,True,STU_0529,nsga2,19,34.45687312493101
0.0011530988844054538,0.01645418247400464,8.414680944474012e-05,0.28014286269414806,0.9078593336460985,19.218602084392664,3.9093125613087865,0.7785723873697491,0.0,0.0,True,STU_0529,nsga2,19,34.45687312493101
0.0004420304795554348,0.0025604708958718025,4.1037320871574584e-05,0.2534934165165103,0.814532158055447,19.13602196553353,3.958928102692724,0.7867709552915838,0.0,0.0,True,STU_0529,nsga2,19,34.45687312493101
0.00269927541329878,0.3370492013240599,1.9569669979022573e-05,0.04848294791270151,0.16464072537422253,20.962716014406727,2.082973806115849,0.3069626974758792,0.0,0.0,True,STU_0529,nsga2,19,34.45687312493101
0.055085980682737,0.8832597897009251,1.735854169106232e-05,0.06912678217803364,0.16059414841140257,24.42747143417444,1.6238814626723457,0.14593039457846646,0.0,0.0,True,STU_0529,nsga2,19,34.45687312493101
0.0017665016336957384,0.9439605224691159,7.691309618662155e-06,1.5005737240759776e-07,0.06267020291997112,26.192905017306227,1.0148274857950583,0.05994555441189675,0.0,0.0,True,STU_0529,nsga2,19,34.45687312493101
3.55799003740298e-05,0.9988773268448463,0.00022101307305654984,0.03305597955687451,0.8833188172123239,19.577025496846556,1.522943194470986,0.44871314292768444,0.0,0.0,True,STU_0529,nsga2,19,34.45687312493101
0.0007213443937130933,0.013037351763557976,3.2177404291758234e-05,0.318087257229439,0.9208421938377505,19.216087084004226,4.109281912486244,0.7661361968699514,0.0,0.0,True,STU_0529,nsga2,19,34.45687312493101
0.00269927541329878,0.31757243869649926,3.371319739361374e-05,0.019794676123037813,0.22990941604644083,20.153839600508572,1.6437064053294648,0.39687015387868435,0.0,0.0,True,STU_0529,nsga2,19,34.45687312493101
0.14044784670328955,0.9405937525000837,0.00021588477573306037,0.0005615995212721507,0.06689702471056891,28.48633755586322,0.9017590361969456,0.056375651887655774,0.0,0.0,True,STU_0529,nsga2,19,34.45687312493101
0.008859638175345394,0.9605824235705182,1.1067168267882857e-05,5.098819382773345e-05,0.8863178056815846,19.597672938033906,1.3594366941604805,0.46064263005325606,0.0,0.0,True,STU_0529,nsga2,19,34.45687312493101
0.005965731432722888,0.33442886665367005,1.0140406711274137e-05,0.061313049764546684,0.027988602701455968,23.997431382287182,2.4278393231750606,0.09494558665793829,0.0,0.0,True,STU_0529,nsga2,19,34.45687312493101
0.0002559309532917872,0.3451854768813542,0.0001372175602371509,0.7952335075998663,0.11587519335841641,22.000097859426663,7.349142329873167,0.23140164104018773,0.0,0.0,True,STU_0529,nsga2,19,34.45687312493101
3.559338023449268e-05,4.4367837632924845e-05,0.00022528344109586627,0.0034462713727232593,0.06391769975743176,18.91937516981785,2.290026103896479,0.9242029756258962,0.0,0.0,True,STU_0529,nsga2,19,34.45687312493101
0.005964427157050669,0.01706386540840127,0.021688953031908383,0.27164926598376965,0.9866043342597127,19.292783483779424,3.8153797806894127,0.7857975858869058,0.0,0.0,True,STU_0529,nsga2,19,34.45687312493101
0.011617645158031573,0.9427563087152184,1.2235563442679041e-05,0.011443273678228071,0.9156463722519302,19.44344137589788,1.4260202414033036,0.4707594496314157,0.0,0.0,True,STU_0529,nsga2,19,34.45687312493101
0.2190739535007502,0.9758912800988198,2.0824006061955655e-05,9.059460389413315e-06,0.06940021318163227,29.647683517686925,0.8434823622439471,0.05294962320119456,0.0,0.0,True,STU_0529,nsga2,19,34.45687312493101
0.0011495081140724412,0.25594766314960693,0.002907916195086147,0.001124943349881627,0.1374053999806042,21.21888669520843,1.341385907981499,0.33692489675765463,0.0,0.0,True,STU_0529,nsga2,19,34.45687312493101
0.010021148583940806,0.37687845537686676,7.88006962072176e-05,0.061313049764546684,0.029283066331634744,24.384871795874645,2.276489710571238,0.08811725202201397,0.0,0.0,True,STU_0529,nsga2,19,34.45687312493101
3.559338023449268e-05,5.0542145363073566e-05,0.00022528344109586627,0.03340119167370366,0.06391769975743176,19.25632876620338,4.94116486520804,0.7096304940750282,0.0,0.0,True,STU_0529,nsga2,19,34.45687312493101
0.21772500387294938,0.9481532870066022,6.427991892788914e-06,1.756773025751522e-07,0.11199466031301847,28.72007066608845,0.8734727352113956,0.08453237674563018,0.0,0.0,True,STU_0529,nsga2,19,34.45687312493101
0.07827553182860361,0.6423391592635677,1.5104182824080766e-05,1.2483107659161299e-05,0.0013560004189820812,29.69315790307465,0.8618574492864794,0.0018261003631753116,0.0,0.0,True,STU_0529,nsga2,19,34.45687312493101
8.032082579679592e-05,0.0030130487004942363,4.814503675079549e-05,0.02568286503601114,0.12987551244281814,19.167596933919434,3.263629911765308,0.8258961278926128,0.0,0.0,True,STU_0529,nsga2,19,34.45687312493101
0.0799881621070252,0.5803750831720622,1.7791935049858568e-06,4.8868524630582934e-06,0.14910917344177022,25.262275478811762,1.0232487999714555,0.17766711394316081,0.0,0.0,True,STU_0529,nsga2,19,34.45687312493101
0.21844655464010498,0.9605824235705182,9.770657449474449e-06,5.098819382773345e-05,0.8863178056815846,21.262041115983543,1.2214828611837063,0.4138989554398429,0.0,0.0,True,STU_0529,nsga2,19,34.45687312493101
8.073572740772018e-05,0.9946680415878103,4.284040017292295e-05,0.16291991149255203,0.13567601580866984,23.35628221658207,2.3078304601423905,0.1295409725230946,0.0,0.0,True,STU_0529,nsga2,19,34.45687312493101
0.011811356892618282,0.9752290293631569,1.662859996604789e-05,0.012285841921259678,0.07122706144481367,26.052737608060863,1.12398312399121,0.06676068701653572,0.0,0.0,True,STU_0529,nsga2,19,34.45687312493101
2.668977253608789e-05,3.505855479383059e-05,8.413757760765785e-06,0.03772534711273631,0.17874291650913512,19.04285119495574,3.391081644953788,0.8353804170654328,0.0,0.0,True,STU_0529,nsga2,19,34.45687312493101
0.14044784670328955,0.9210815060125783,0.00021197002165499834,2.184336170771001e-08,0.04969437501577113,28.92659256867793,0.8816502274299622,0.04322271288449571,0.0,0.0,True,STU_0529,nsga2,19,34.45687312493101
5.662065983681307e-05,0.36485690418450906,4.284040017292295e-05,0.9966213588562443,0.1387640260371712,21.736054575043426,7.662398586737754,0.23871199811134486,0.0,0.0,True,STU_0529,nsga2,19,34.45687312493101
0.01135603972266671,0.9427563087152184,6.84955353071552e-05,0.011443273678228071,0.1873933115309656,24.178494164699217,1.1902842117695653,0.1590187513004721,0.0,0.0,True,STU_0529,nsga2,19,34.45687312493101
0.00012687168248310017,0.6597265016360676,1.7791935049858568e-06,4.8868524630582934e-06,0.12603585403487672,24.22908956789229,1.0984810433400243,0.15468155164178377,0.0,0.0,True,STU_0529,nsga2,19,34.45687312493101
0.00010751990784403989,0.3213472569408653,1.469025853022839e-05,0.004891175070454501,0.008909198557438894,26.676840266261333,1.1321825780948118,0.02893561080821354,0.0,0.0,True,STU_0529,nsga2,19,34.45687312493101
0.011405306566004166,0.9518120194175543,1.2157412679497226e-05,0.2841186945743158,0.10274227498153304,22.777933418070162,3.1174345274712416,0.1207638272311425,0.0,0.0,True,STU_0529,nsga2,19,34.45687312493101
0.0004567890946869588,0.0001428816400262292,7.558549577231382e-05,0.02568286503601114,0.1266292729109736,19.078627952769086,3.3309252363298882,0.8363613509854567,0.0,0.0,True,STU_0529,nsga2,19,34.45687312493101
0.0002559309532917872,0.27434898995768864,0.0001325849909655032,0.022763688825078565,0.11587519335841641,21.540451694958602,1.749833770311942,0.2829208374123589,0.0,0.0,True,STU_0529,nsga2,19,34.45687312493101
2.629995094969183e-07,0.03938261584345526,0.03590419807249919,0.002673260684955492,0.9558930605880187,19.231351005457597,2.0645981393109816,0.9102156992390786,0.0,0.0,True,STU_0529,nsga2,19,34.45687312493101
0.004191526051527057,0.3451854768813542,0.00013651511823515103,0.7952335075998663,0.08826512925120364,22.13233374740062,7.449933120711331,0.21424706996981083,0.0,0.0,True,STU_0529,nsga2,19,34.45687312493101
0.20585897969098874,0.9455724362113999,1.997228225437593e-05,7.77321149664223e-06,0.8718171335596712,21.192862812065414,1.2266746710825007,0.41560297548976466,0.0,0.0,True,STU_0529,nsga2,19,34.45687312493101
0.005257894523513856,0.9439694121069357,8.083809869185552e-06,1.4276496472988077e-07,0.02971768766465417,26.953940106989567,0.9847679451954955,0.029283217606798813,0.0,0.0,True,STU_0529,nsga2,19,34.45687312493101
0.014682731403218272,0.0025604708958718025,4.151235446103803e-05,0.24104897426153765,0.8123032499386974,19.293788949408672,3.829726885819977,0.7824649792818091,0.0,0.0,True,STU_0529,nsga2,19,34.45687312493101
0.0005130691979590451,0.2970322611228769,0.000172797675318283,0.876172773932643,0.001545499886394925,21.972160398052218,8.395504294443485,0.16909651958303343,0.0,0.0,True,STU_0529,nsga2,19,34.45687312493101
0.0005118587195318495,0.33442886665367005,3.6688173509673963e-06,0.016989803323877523,0.029283066331634744,25.12577499905073,1.4716773178827955,0.08412252800674598,0.0,0.0,True,STU_0529,nsga2,19,34.45687312493101
0.00012795226903033772,0.27362043905100025,2.893616588987466e-05,0.7776812131840747,0.14897329326036288,21.56296791303173,7.524984431402399,0.2655017753877058,0.0,0.0,True,STU_0529,nsga2,19,34.45687312493101
0.011405306566004166,0.9518120194175543,1.2157412679497226e-05,0.22404254579713712,0.10274227498153304,23.229012014758734,2.7535556772222924,0.11590720540114537,0.0,0.0,True,STU_0529,nsga2,19,34.45687312493101
0.13802793194449703,0.7517749388049647,4.66641946350131e-05,0.0001709669438398761,0.018897528872051837,30.119405813168346,0.837731158927866,0.020121887948721853,0.0,0.0,True,STU_0529,nsga2,19,34.45687312493101
0.0006949619013929872,0.32929062442968965,5.042771634514013e-06,0.003235702612699509,0.0001234194461774969,27.397076405986503,1.0596711507786012,0.0025493552270361634,0.0,0.0,True,STU_0529,nsga2,19,34.45687312493101
0.00012795226903033772,0.33876616335505516,2.9203690814398837e-05,0.01918029522380505,0.15190996051958394,21.49508239285124,1.5885462148181702,0.2957739011605145,0.0,0.0,True,STU_0529,nsga2,19,34.45687312493101
2.8865557536166915e-05,0.3024860174491831,7.505239872580778e-05,0.012361430068470292,0.14871174183469635,21.2963607416497,1.4996557744894554,0.3154294993175577,0.0,0.0,True,STU_0529,nsga2,19,34.45687312493101
0.11531820898755535,0.9158110447855505,4.857450662494643e-05,1.650433886524163e-05,0.019884687217887227,29.260145066988102,0.8750522427422885,0.018274060738373257,0.0,0.0,True,STU_0529,nsga2,19,34.45687312493101
0.0008046420641201896,0.30492634684673636,1.656680155485754e-05,0.8400048245387832,0.1596411049513543,21.619157349968727,7.479562248012563,0.2627755212042669,0.0,0.0,True,STU_0529,nsga2,19,34.45687312493101
1.0287300988128049e-05,0.33214176280238833,0.0004979544666797904,0.930861309569939,0.00021866396465542587,22.05305360219791,8.30936382020006,0.16614101946460133,0.0,0.0,True,STU_0529,nsga2,19,34.45687312493101
0.014550100554122716,0.8866082297624166,0.00012213362765564148,2.6130969865359325e-05,0.8829798831578662,19.42455227639327,1.371032211350422,0.47733523404769257,0.0,0.0,True,STU_0529,nsga2,19,34.45687312493101
0.007872200220781903,0.8598697755492598,1.1718443608658798e-06,5.950776259032523e-07,0.04531343195770982,26.581880056564714,0.9976861624199626,0.04786725635109994,0.0,0.0,True,STU_0529,nsga2,19,34.45687312493101
3.2286504885550667e-06,0.36166649574611703,0.00018176294477237386,0.030662563904706085,0.057084386680310746,23.803109757341883,1.7538487415744213,0.1380164933510366,0.0,0.0,True,STU_0529,nsga2,19,34.45687312493101
0.0007615030078790077,0.000308883910123771,0.00012773516811200513,0.050068158410327177,0.15259075326332402,19.185068440172675,4.039837825546093,0.7775416163956791,0.0,0.0,True,STU_0529,nsga2,19,34.45687312493101
0.0013512017231805588,0.29857060855354156,0.015000140704962465,0.956995744414823,0.1469359078330183,21.502986922810596,7.864173988290755,0.25711436820104433,0.0,0.0,True,STU_0529,nsga2,19,34.45687312493101
0.193219528105055,0.9470951761534552,2.0003462175252216e-05,0.0019058139926420858,0.9333528365778432,20.830371277116804,1.2598359500792835,0.43392796594840993,0.0,0.0,True,STU_0529,nsga2,19,34.45687312493101
0.12267253777702922,0.7154739535889998,6.943987519170594e-06,4.407861367397765e-06,0.07347277902863941,28.183467761217695,0.9021967413379052,0.07773878764086714,0.0,0.0,True,STU_0529,nsga2,19,34.45687312493101
0.2025989764474851,0.9469218505410479,1.4481572114795166e-05,1.5005737240759776e-07,0.07196361077828535,29.380040932231584,0.8538776253409115,0.05682884860573083,0.0,0.0,True,STU_0529,nsga2,19,34.45687312493101
1.7106388073041755e-05,0.0053027121364654095,0.00020995693282243807,0.009871155671649045,0.1445490420800092,19.148083157278965,2.3462785954325884,0.8861961879236164,0.0,0.0,True,STU_0529,nsga2,19,34.45687312493101
0.13802793194449703,0.7552008605847093,1.2194882124761561e-06,0.0001709669438398761,2.0753585169607305e-05,30.779021719465355,0.8174294063052272,6.617283438499276e-05,0.0,0.0,True,STU_0529,nsga2,19,34.45687312493101
0.0002600448019897377,0.32185788943404303,2.05601532461549e-05,0.027223724602347385,0.07520991145722883,23.017184512453838,1.751459038224898,0.18530946645487115,0.0,0.0,True,STU_0529,nsga2,19,34.45687312493101
0.0014270740219978467,0.017251257062657677,8.366268953037594e-05,0.28606765574874204,0.8888099126537451,19.236291069715673,3.9749559466314737,0.7721591609175117,0.0,0.0,True,STU_0529,nsga2,19,34.45687312493101
0.00269927541329878,0.31757243869649926,2.7951342087961084e-05,0.019794676123037813,0.22990941604644083,20.153848723631043,1.6436255246416904,0.39686896583394193,0.0,0.0,True,STU_0529,nsga2,19,34.45687312493101
0.0006949619013929872,0.3490690677896416,0.0004167816560906889,0.06171207589332983,0.0001234194461774969,24.904065352079485,2.4646934221691974,0.03451740377436505,0.0,0.0,True,STU_0529,nsga2,19,34.45687312493101
0.0004890463455145908,0.9413980950033289,4.80876879955313e-05,0.13067756072922107,0.1028551433338169,23.876692130477167,2.1455788063224457,0.10943514788620985,0.0,0.0,True,STU_0529,nsga2,19,34.45687312493101
0.20269398328092506,0.9017100288360718,0.00022789013486263022,2.6495770337398142e-05,0.055178145100943835,29.87902382587213,0.8376436202401071,0.045991403551323244,0.0,0.0,True,STU_0529,nsga2,19,34.45687312493101
0.000246866624887797,0.4070813115208457,0.00022045277158221432,0.8559614217033632,0.11154589170198491,22.200148792932506,7.2375947735753865,0.21841549985411604,0.0,0.0,True,STU_0529,nsga2,19,34.45687312493101
0.006526817203403793,0.5064668849293097,7.364887936666596e-05,0.025134135564710208,0.22304614879873252,21.71648174567719,1.5310539198403557,0.29007949903165253,0.0,0.0,True,STU_0529,nsga2,19,34.45687312493101
0.008437590299860964,0.0016942581537113255,1.3209912886287112e-05,1.9215450485745967e-08,0.8747325825946886,18.96977823515477,1.7817494375798306,0.9534497404396286,0.0,0.0,True,STU_0529,nsga2,19,34.45687312493101
5.018524190636561e-06,0.005401396662794877,4.0369075875632043e-05,0.12712958124880008,0.8023596772740681,19.03604411826626,3.0374492932708423,0.8583551709616053,0.0,0.0,True,STU_0529,nsga2,19,34.45687312493101
0.2135079904845403,0.9439694121069357,8.083809869185552e-06,1.4276496472988077e-07,0.02971768766465417,30.63866758230838,0.8120275087606265,0.024146580275847228,0.0,0.0,True,STU_0529,nsga2,19,34.45687312493101
7.277087435660816e-05,0.9803337142231008,0.00021916303469778135,0.009685949837820732,0.11672707489417943,25.128070557953148,1.141494212560003,0.1037685737881919,0.0,0.0,True,STU_0529,nsga2,19,34.45687312493101
0.0011545462951671787,0.2588391130236494,1.428438572509355e-05,0.06980920073413219,0.001528613726286876,23.91912074424143,3.0651504108997956,0.051886152240035455,0.0,0.0,True,STU_0529,nsga2,19,34.45687312493101
0.13949496668724815,0.8598697755492598,5.2070609695317366e-05,4.706864806966011e-06,0.1303360336949776,27.146612895521223,0.9422863004031257,0.1112955151494998,0.0,0.0,True,STU_0529,nsga2,19,34.45687312493101
1.0533209395670144e-06,0.321694042851683,0.01524282359253451,0.030662563904706085,0.06096662828822029,23.190770997498923,2.105219267457791,0.17160400178802188,0.0,0.0,True,STU_0529,nsga2,19,34.45687312493101
0.045737864210184664,0.9052720697364801,9.507295078478608e-06,0.00032371841316600723,0.031379787834486056,27.667058070697806,0.9496688232401985,0.03087701251441533,0.0,0.0,True,STU_0529,nsga2,19,34.45687312493101
0.006908960796737751,0.8866082297624166,2.4734684035513518e-05,3.370414789234186e-07,0.8852087912747546,19.35282343010826,1.3768682192732877,0.479997848405283,0.0,0.0,True,STU_0529,nsga2,19,34.45687312493101
0.0026331870762511833,0.31323328099693926,8.450342263072535e-05,0.01529853853308728,5.855876822956016e-05,26.810455386908046,1.4194109145958145,0.010693626032993715,0.0,0.0,True,STU_0529,nsga2,19,34.45687312493101
0.00029537233647552487,0.9893361835413788,9.010404125808902e-05,0.19334850827136,0.10396979783039842,23.424553299340303,2.5296522690724923,0.11175900135985328,0.0,0.0,True,STU_0529,nsga2,19,34.45687312493101
0.011272284514095014,0.9911519143654814,0.007632273677415401,0.2848368481743172,0.09564605081879857,22.923741394641468,3.103351207885093,0.11526404325923698,0.0,0.0,True,STU_0529,nsga2,19,34.45687312493101
