x0,x1,x2,x3,x4,obj_1,obj_2,obj_3,obj_4,constraint_violation,feasible,profile_id,algorithm,seed,runtime_sec
0.0009060108005335896,0.11820108413050784,0.00014917513343603358,0.4443103925501502,0.16041928552202545,20.931980022235944,7.266742587982369,0.3519311266659444,0.0,0.0,True,STU_0630,nsga3,14,73.36116116703488
9.280879388156899e-05,0.9529430361925277,0.004056090263171135,0.19286849435951797,0.036921210531210585,24.08531881362789,2.6396507472387003,0.06833201584847985,0.09588560640083721,0.0,True,STU_0630,nsga3,14,73.36116116703488
4.119529466021772e-06,0.9184567339993649,0.0029162082690161535,0.1644640378401651,2.087361052383052e-05,24.840796997816128,2.49734532931802,0.03548596672151974,0.08832238524044012,0.0,True,STU_0630,nsga3,14,73.36116116703488
0.00017291398536570322,0.008957900260148397,1.6231145828262878e-05,0.16078932629900125,0.38148772372883416,19.300439063691762,4.448871727147385,0.7329003213293558,0.10747599379445982,0.0,True,STU_0630,nsga3,14,73.36116116703488
0.1268349860954488,0.8670670230543867,0.00010266913510046343,0.0014329252027672906,0.003288243418400394,30.028010574982055,0.8599555614251404,0.003551328533263737,0.21824314924152077,0.0,True,STU_0630,nsga3,14,73.36116116703488
0.0017435082607302978,0.07150417074945364,0.0010487444120875558,0.06956879416559761,0.1948269003522937,20.82767831231677,3.514412322908389,0.6026313156729339,0.24559236457847655,0.0,True,STU_0630,nsga3,14,73.36116116703488
0.0005396850891398744,0.13112885612946618,0.0007163763570253367,0.156857293288636,0.0764485132679241,22.55190756858817,5.429801952559937,0.29917036905761485,0.0,0.0,True,STU_0630,nsga3,14,73.36116116703488
0.0003735708218878639,0.9792249778326687,0.0006739870030612488,0.06357422100388259,0.10303532140564653,24.678836243214867,1.5968491732844725,0.09942752356826723,0.22910641093603634,0.0,True,STU_0630,nsga3,14,73.36116116703488
0.010124463123131089,0.9508357940981172,2.032238660535782e-06,0.0005521801150114981,0.9066150725233806,19.50933149753451,1.3678957075361826,0.4681450248813803,0.36425107050706507,0.0,True,STU_0630,nsga3,14,73.36116116703488
0.0036256003335999425,0.8532509443528431,0.029619970173261578,0.05692690760925029,0.3056156367201872,22.03734965287074,1.8263188415084877,0.25845004001778327,0.27599738231278015,0.0,True,STU_0630,nsga3,14,73.36116116703488
0.00016273843875245757,0.9690555358327261,0.08547140222497306,0.4949205294534401,0.4140833497364774,23.978086673139693,4.030424037484443,0.282494049884968,0.0,0.0,True,STU_0630,nsga3,14,73.36116116703488
3.810048826273071e-05,0.9141843017384532,0.4843420539592681,0.10537113954527154,0.6189601199996602,23.923709781120902,3.6833639721150417,0.4097452158414168,0.03249427417411288,0.0,True,STU_0630,nsga3,14,73.36116116703488
0.00018432601866172425,0.8259199045252955,0.00010297956009713621,0.14754797968544262,0.37940200533647017,20.90586208042319,2.2861463052954165,0.295007764876709,0.22419200289495111,0.0,True,STU_0630,nsga3,14,73.36116116703488
0.0012139831578144237,0.5658724124634297,0.0006697175374170316,1.3462586482042294e-05,0.15877095934892993,23.223891039380245,1.1537439712231299,0.21125059832828874,0.28289177336401117,0.0,True,STU_0630,nsga3,14,73.36116116703488
0.0007819085078723518,0.9696400471267428,0.00223672220679051,0.11192247250338996,0.6262952369117005,20.25145028145921,1.9333936263582971,0.3684664088165277,0.3008557187154154,0.0,True,STU_0630,nsga3,14,73.36116116703488
0.0007024718220480393,0.5469647071018364,0.0001563992649746589,0.1175236321998333,0.1739559377762556,21.57649642788916,2.534122539048491,0.23151306845269487,0.1610162822409238,0.0,True,STU_0630,nsga3,14,73.36116116703488
1.953884322750338e-05,0.9948989558502709,0.000949761274938913,0.14410929598883251,0.037468764028207674,24.71419685709639,2.217899816042989,0.05865148689137637,0.13784929865169337,0.0,True,STU_0630,nsga3,14,73.36116116703488
0.0003411269771478111,0.943755186764905,0.11970121189995883,0.42523826422602806,0.8856664176807311,22.75794494721703,3.498376901595707,0.42594790681673195,0.1108160205292067,0.0,True,STU_0630,nsga3,14,73.36116116703488
0.0017419801626642444,0.0623810467051865,0.09975880925332485,0.06487865899441021,0.23702066861661186,20.959116440266193,4.633637072712573,0.6323212089715623,0.0007615039612324237,0.0,True,STU_0630,nsga3,14,73.36116116703488
0.0007196159324702445,0.9390741815583021,0.005098563038128511,0.07474339528734758,0.172567706104173,23.54761837087468,1.7468693113983713,0.1559173919645214,0.2462255075078208,0.0,True,STU_0630,nsga3,14,73.36116116703488
0.13581014470910094,0.8938588656199371,0.00016197851716881947,0.0014329252027672906,0.1884021997863308,26.052848564404474,0.9990863653196699,0.1493193269815009,0.31018692414221494,0.0,True,STU_0630,nsga3,14,73.36116116703488
2.213392578545272e-05,0.0016358930433352792,0.00015708298137190205,0.4685127182829961,0.6340725822591909,19.350645567255974,5.673657511636754,0.649295843709711,0.0,0.0,True,STU_0630,nsga3,14,73.36116116703488
0.0655176529571542,0.9122850867030635,6.061633703989711e-05,2.467523865924455e-05,0.9761766194180502,19.607112845660193,1.3501404472195684,0.48184643395490084,0.5708170699875723,0.0,True,STU_0630,nsga3,14,73.36116116703488
0.00046372489417586225,0.9009962233326699,0.0003938945208443365,0.612400168341716,0.002753082144371838,25.36528625789136,4.9913496733578295,0.09273432245803806,0.0,0.0,True,STU_0630,nsga3,14,73.36116116703488
0.0001107202053238711,0.1357692825588082,0.00025528513648881673,0.41612137472568067,0.05710731285639637,21.572975642459543,7.8522043374359844,0.24428657304249393,0.0,0.0,True,STU_0630,nsga3,14,73.36116116703488
0.0001346816651650038,0.9406718628823586,0.500881186244802,0.00184793779187694,0.24140691984839702,26.02922514435053,3.675558990612424,0.2913488792842653,0.024410429124656963,0.0,True,STU_0630,nsga3,14,73.36116116703488
0.00782441975444989,0.954665090785453,0.00044203161517783994,0.2423609847021818,0.17565857065162388,22.391779664990818,2.817291283080107,0.16234710444706535,0.12030605335851485,0.0,True,STU_0630,nsga3,14,73.36116116703488
2.2063421705406335e-05,0.8889717088879315,0.04357580150370327,0.0016140236943013937,0.008960896702927934,26.776567514001407,1.3905376304504866,0.03331558779037545,0.20146759416035231,0.0,True,STU_0630,nsga3,14,73.36116116703488
0.0007276719302945923,0.18390776021658645,0.00019654968176780168,0.452130128813643,0.4315438104809426,20.72115507329514,5.5202882401070745,0.48486113704458295,0.0,0.0,True,STU_0630,nsga3,14,73.36116116703488
0.0007349816400375492,0.9742681206323223,0.0011986215423866603,0.7736256796654617,0.9625057565363286,22.2751093610246,4.107401015422986,0.40668227951122327,0.01138268129326736,0.0,True,STU_0630,nsga3,14,73.36116116703488
0.0002675392580067503,2.215080993849504e-05,0.18394113017661584,0.29648715525333663,0.9522779364320018,19.549032829505673,4.696116576336223,0.7535372657742122,0.03457644811893079,0.0,True,STU_0630,nsga3,14,73.36116116703488
0.00012928865475649997,2.991948659526908e-05,0.018691114522536287,0.06151226901373753,0.8154520716000457,18.991854719210554,2.5907537288136497,0.9041619898770493,0.4881823659370734,0.0,True,STU_0630,nsga3,14,73.36116116703488
0.0005379402749518833,0.03532670245655445,0.10094737722934888,0.002994286808905306,0.23702066861661186,20.61418957447835,3.893491481806925,0.7462513257855609,0.1537776549138984,0.0,True,STU_0630,nsga3,14,73.36116116703488
0.0005429143608723273,0.12301190949165652,0.0007163763570253367,0.14829977240626624,0.2378370911645477,21.15007923417403,4.260945902119603,0.5155428780990419,0.1010835169937978,0.0,True,STU_0630,nsga3,14,73.36116116703488
0.0001895571781959752,0.8217541965207382,0.00010774747408312047,0.14766923223641493,0.11826157853868649,23.156440159978636,2.408781504743853,0.13543572988074756,0.14660456018649193,0.0,True,STU_0630,nsga3,14,73.36116116703488
0.0001650357489503138,0.9709276067299302,5.053492566767844e-07,0.49361131858260543,0.12042866217806875,25.40395708027849,4.131482409573229,0.14335763209474078,0.006923697989980826,0.0,True,STU_0630,nsga3,14,73.36116116703488
0.004536937927263318,0.988742599393732,0.0013196901529684605,0.263997261000517,0.0033153769727703626,23.969151526743378,3.0573400718216273,0.050153354624856636,0.05343921131576079,0.0,True,STU_0630,nsga3,14,73.36116116703488
9.941887314013774e-05,0.914284632926526,0.03440424156663101,0.07657838545491955,0.06985522140233302,24.648289581444025,1.987270442587044,0.09341200037195442,0.18716545140249696,0.0,True,STU_0630,nsga3,14,73.36116116703488
0.0001332046658416862,0.00022093934477124266,0.06349537057141817,0.1647122843962858,0.6379090593443045,19.32548112698999,4.110452604526632,0.7905560808922819,0.16625929940717898,0.0,True,STU_0630,nsga3,14,73.36116116703488
0.015826480379946682,0.9592255813444995,9.042533428306942e-05,0.006052999597493674,0.4197538931568329,22.005821096711358,1.2476792513580623,0.2899900440052648,0.32710322443937123,0.0,True,STU_0630,nsga3,14,73.36116116703488
0.004629222861387814,0.8972699995191061,0.09702837882316402,0.7189804589527826,0.05858270610752753,24.580535995291946,5.497300360143465,0.1509835995144231,0.0,0.0,True,STU_0630,nsga3,14,73.36116116703488
0.1616570925871261,0.9508357940981172,8.143697091433141e-07,0.0005573880955229019,0.9066150725233806,20.709545744586805,1.2652841406863156,0.43302012636913373,0.38720541147474863,0.0,True,STU_0630,nsga3,14,73.36116116703488
0.00044795893932032436,0.15364087867580695,0.017047294535082646,0.2609496558106932,0.00023199022944863463,23.033757234825757,7.322081824624163,0.15664311379655765,0.0,0.0,True,STU_0630,nsga3,14,73.36116116703488
0.0006711624649367726,0.9050140658135358,0.0001690755260561955,0.2743218081606611,0.07927087349775896,22.78909686305946,3.188580235554233,0.10979410365170675,0.06811147825004349,0.0,True,STU_0630,nsga3,14,73.36116116703488
0.0007025829885010751,0.9742681206323223,0.0011986215423866603,0.7433375645336371,0.9822860120179018,22.271989707287908,4.014065235791128,0.41280719469767796,0.11680423482827951,0.0,True,STU_0630,nsga3,14,73.36116116703488
0.00011040923886427903,0.97798783759228,5.162761538258929e-06,0.07990836916936112,0.0016571921710508558,26.117165533446514,1.7173108831953654,0.01848161698821232,0.17799554641356174,0.0,True,STU_0630,nsga3,14,73.36116116703488
0.0001332046658416862,0.00022093934477124266,0.0016058737855192233,0.16128806336691723,0.6379090593443045,19.083008409579783,3.6537564127717506,0.8143062014780722,0.260610314080003,0.0,True,STU_0630,nsga3,14,73.36116116703488
0.26847455300261797,0.9211785327895188,5.982940598852108e-05,0.00178814875378603,0.9295900719166441,21.355891749690137,1.2174083071377435,0.4229063090774578,0.6024428462690045,0.0,True,STU_0630,nsga3,14,73.36116116703488
4.800616703047676e-05,0.8265472234744193,0.0022449966675772495,0.00587551533947589,0.056842367728111014,25.987545199440262,1.105280784919761,0.06427127304890948,0.22716992782499545,0.0,True,STU_0630,nsga3,14,73.36116116703488
0.00039642698303227815,0.9020325837491516,0.06586358485887288,0.07042691837949044,0.22721759015087722,22.66832784505214,2.120313788390451,0.2123969436221212,0.20625537957854678,0.0,True,STU_0630,nsga3,14,73.36116116703488
1.2116298723245363e-05,0.9184567339993649,0.0029162082690161535,0.1644640378401651,2.087361052383052e-05,24.840926930644976,2.4973269378946403,0.035485705389043866,0.08833006740943106,0.0,True,STU_0630,nsga3,14,73.36116116703488
0.24804964004953695,0.8828292232549427,5.982940598852108e-05,0.0014639526903775409,0.9753800927470969,20.91946929264413,1.2449777573358023,0.446494945243227,0.6126244806749567,0.0,True,STU_0630,nsga3,14,73.36116116703488
0.00022269693336628225,0.8377491559824912,0.0016767584001984859,0.030269118719279786,0.08714417851952806,25.023968435655352,1.370807363363814,0.09584035165439107,0.23903400030780975,0.0,True,STU_0630,nsga3,14,73.36116116703488
3.810048826273071e-05,0.9886080379061746,0.523704253918211,0.11977108449574439,0.6191942011360624,24.064477020564627,3.743879647142915,0.39690602545480663,0.0195149524104703,0.0,True,STU_0630,nsga3,14,73.36116116703488
2.3154411568624795e-05,0.8620508360945451,8.202852369138761e-05,0.22152394231477107,0.005667681234230751,23.968344571617116,2.996216612296878,0.05082182682277804,0.05631192152901088,0.0,True,STU_0630,nsga3,14,73.36116116703488
0.0009366928823825462,0.16551864435425206,0.0008450662160057257,0.1953543482405798,0.046806709857695444,23.162176844452976,5.830787024829066,0.2186879064311366,0.0,0.0,True,STU_0630,nsga3,14,73.36116116703488
4.60535737698134e-05,0.9704762528423627,0.00405008823722999,0.1418499856042394,0.02603315080018781,24.832718122940236,2.251746045531651,0.05174440228891153,0.12924275778725391,0.0,True,STU_0630,nsga3,14,73.36116116703488
0.13904916491590308,0.8936245730988621,0.0001622133336573756,0.0014329252027672906,0.1884021997863308,26.100706338299563,0.9964479391245656,0.1489524431993332,0.31087461072292977,0.0,True,STU_0630,nsga3,14,73.36116116703488
0.0007276719302945923,0.12066809691963475,0.00025528513648881673,0.41612137472568067,0.07554481942955177,21.336145913715377,7.831966668477581,0.2717067111693874,0.0,0.0,True,STU_0630,nsga3,14,73.36116116703488
0.0007508972023836491,0.5581838035727882,0.0007330260543180913,0.10152904721754474,0.0766236865328381,23.2149847033662,2.430409172712867,0.13164412147534532,0.14370080999114654,0.0,True,STU_0630,nsga3,14,73.36116116703488
8.120803089308159e-06,0.03357406327225846,0.003498360944164329,0.3696372198527005,0.89565016239596,19.36637980554638,4.391352672448354,0.7285506460672034,0.11576910795620399,0.0,True,STU_0630,nsga3,14,73.36116116703488
0.001997599142655062,2.991948659526908e-05,0.15357939359230927,0.35962550824146966,0.8154520716000457,19.59767239718336,5.1706535169515835,0.7112418378638542,0.0,0.0,True,STU_0630,nsga3,14,73.36116116703488
0.0006700589839740705,0.4774148365807852,0.002732804921814623,0.2743218081606611,0.07927087349775896,24.92229271060579,4.348166749406723,0.1673021312463355,0.0,0.0,True,STU_0630,nsga3,14,73.36116116703488
0.0020780361880835736,0.913747060229186,0.059276802677548854,0.01948119024939575,0.25326688622969645,22.881384339012396,1.7004964022411158,0.22370649228334705,0.28174519805767306,0.0,True,STU_0630,nsga3,14,73.36116116703488
3.421614587068943e-05,0.019326995246287837,0.03473834361254652,0.0709065391472552,0.0535098199128312,20.969632222676097,6.862753254609647,0.47859678137323053,0.0,0.0,True,STU_0630,nsga3,14,73.36116116703488
0.07698073200814584,0.9367317578931054,0.00011793909351767967,0.0008452686031003881,0.9693966322910073,19.785533265487643,1.3402518602086604,0.4713708937546092,0.570291707112986,0.0,True,STU_0630,nsga3,14,73.36116116703488
0.001360185000581546,0.029978398452676913,0.003600859088848954,0.01915755532857158,0.9063651604239159,19.1100853104286,1.9832905512130772,0.9165929957449112,0.5701607678993001,0.0,True,STU_0630,nsga3,14,73.36116116703488
0.0053791596918181805,0.9764391108519079,0.0008288860524390696,0.0319195762390293,0.0561783265988815,25.919364511810073,1.3073387200215052,0.057711100395130006,0.23283451750574913,0.0,True,STU_0630,nsga3,14,73.36116116703488
0.0014905089456099464,0.023169233694338376,0.1841769303182081,0.2983858632320206,0.9672225790422192,19.6603403786815,4.613109400170562,0.7425020556222727,0.04902363263575793,0.0,True,STU_0630,nsga3,14,73.36116116703488
0.0002240493924700334,0.8259199045252955,0.00012386567241678753,0.14599937542925,0.37940200533647017,20.913500381130937,2.276288440056105,0.2950826355917918,0.22573800898569774,0.0,True,STU_0630,nsga3,14,73.36116116703488
0.00042016280177704663,0.9989299988572993,0.0028418254910989667,0.7457889777605243,0.08679037608922613,24.69797279684322,5.0683994740744245,0.13789781678069943,0.0,0.0,True,STU_0630,nsga3,14,73.36116116703488
0.019075671168510777,0.9423206421361134,0.0006043715451792414,0.04103916725090778,0.24068948957328554,23.3684386483126,1.4445537762442535,0.19432826573085907,0.2957000140490619,0.0,True,STU_0630,nsga3,14,73.36116116703488
0.0001107202053238711,0.14274827234965293,0.003951439181685833,0.41612137472568067,0.05710731285639637,21.654338245322826,7.78536537837408,0.24314714063963322,0.0,0.0,True,STU_0630,nsga3,14,73.36116116703488
0.00045173753828296894,0.14138875975907012,0.014982101448707433,0.24085751173158396,0.00018951161244150708,23.028788236505896,7.324073824479099,0.15606760733431516,0.0,0.0,True,STU_0630,nsga3,14,73.36116116703488
0.0013639681218170809,0.9391430322403089,0.05438494641411242,0.5666841871924433,0.6940581582871521,22.9641744407511,3.9343050651466824,0.3657184097897524,0.03174198603739686,0.0,True,STU_0630,nsga3,14,73.36116116703488
0.12826548411413807,0.9400154082907195,0.0032549160826905532,0.0027151981780582837,0.4888504012094254,22.68979706274258,1.1821655403969074,0.3031035566614224,0.3576613256408542,0.0,True,STU_0630,nsga3,14,73.36116116703488
0.0001412492654648905,0.9751563605625899,0.0008560241476568063,0.0319195762390293,0.8736557669226257,19.541055980466062,1.5255317998398104,0.4518529697855373,0.3429891930843021,0.0,True,STU_0630,nsga3,14,73.36116116703488
0.0007381687954801801,0.9046606983962784,0.0008313628960217243,0.17118707277922748,0.05804485193083176,23.93404234988817,2.515551549324768,0.0836113850988445,0.11517038872653673,0.0,True,STU_0630,nsga3,14,73.36116116703488
0.12980926528145548,0.9845881716560348,0.0006041145579469675,0.0006458039184930242,0.12738752555250654,27.081655409866453,0.9588385477845699,0.09920989747285065,0.27671681849489227,0.0,True,STU_0630,nsga3,14,73.36116116703488
0.00029334753445303544,0.9793665811058162,0.0011986215423866603,0.14590503700636664,0.2192613659086003,22.638204012138143,2.1885224996550767,0.18196548760472164,0.18492658184194577,0.0,True,STU_0630,nsga3,14,73.36116116703488
0.000535097394633359,0.11820108413050784,0.00014917513343603358,0.10688328834053418,0.16041928552202545,21.7448614325539,4.072120649104613,0.4631300112727918,0.12304375604398443,0.0,True,STU_0630,nsga3,14,73.36116116703488
3.421614587068943e-05,0.019326995246287837,0.03473834361254652,0.05862382394436715,0.2368977819864931,19.809517357244978,4.064456491935016,0.7423767073034266,0.15733405463365668,0.0,True,STU_0630,nsga3,14,73.36116116703488
0.0017459016972580879,0.07150417074945364,0.011054225272775574,0.06956879416559761,0.1948269003522937,20.8896327514761,3.6902972311688145,0.6000954994418839,0.2072852845304437,0.0,True,STU_0630,nsga3,14,73.36116116703488
3.3440779179196294e-05,0.9696400471267428,0.00015097375777761344,0.08734561543573388,0.6263677301654056,20.322564548636137,1.7933433618401446,0.3705687301510095,0.31553515757334505,0.0,True,STU_0630,nsga3,14,73.36116116703488
0.0001346816651650038,0.9415805468908927,0.0034227408768569556,0.019487461082321245,0.24140691984839702,23.269637492726492,1.317388566185984,0.19815661258618333,0.2853122376688487,0.0,True,STU_0630,nsga3,14,73.36116116703488
0.0004547831602940034,0.9610194974928515,0.0016929520813391038,0.2509061580076295,0.07090630532101125,23.213944548960196,2.9677875573610417,0.09784311555861097,0.08060602176445164,0.0,True,STU_0630,nsga3,14,73.36116116703488
0.0028602358940293103,0.8929935669944715,0.003845770603647901,0.053741201128447345,0.005958284120285262,26.36973443061815,1.5598901244156502,0.020658230343169038,0.18968338237107873,0.0,True,STU_0630,nsga3,14,73.36116116703488
0.015489878742216696,0.9608196576745236,7.676117929210314e-06,0.0005644302131567192,0.0025398700724776346,27.78201232936683,0.9572254156674008,0.002634900566975667,0.18341304504696943,0.0,True,STU_0630,nsga3,14,73.36116116703488
0.0006415680764443899,0.03849706745292647,0.10209704617907461,0.013291653061839496,0.20750071916619792,20.832212642397874,4.2558353409584955,0.7061454158929164,0.07166719680044642,0.0,True,STU_0630,nsga3,14,73.36116116703488
0.0028623349342786447,0.10267830625142194,0.003845770603647901,0.053741201128447345,0.03795011217831151,24.394372380575305,3.938258874642006,0.25201998323898894,0.0331325816193766,0.0,True,STU_0630,nsga3,14,73.36116116703488
0.0005401023728459831,0.9127534367451577,0.5446105234353538,0.013291653061839496,0.20577798803619646,26.049187971140267,3.964816456618802,0.2871910323870774,0.0,0.0,True,STU_0630,nsga3,14,73.36116116703488
0.000712476632932086,0.5469647071018364,0.00015740986392420999,0.1175236321998333,0.17441216909274315,21.571364015900155,2.5337022880208995,0.23190886858513451,0.16125631902623005,0.0,True,STU_0630,nsga3,14,73.36116116703488
0.0022502053026883535,0.9189168854227846,0.11440082041392416,0.4600897905267541,0.8625239408142326,22.70804711817822,3.634928157254439,0.4216364474996403,0.08620110731316732,0.0,True,STU_0630,nsga3,14,73.36116116703488
0.0002989952445053448,0.042625383502991165,0.0010487444120875558,0.06956879416559761,0.1948269003522937,20.176914680540577,3.769674805049353,0.6618907779962659,0.20671489745354044,0.0,True,STU_0630,nsga3,14,73.36116116703488
4.60535737698134e-05,0.9704762528423627,0.00405008823722999,0.1418499856042394,0.05633391801263293,24.40796263345557,2.2400845166376397,0.075327473152733,0.14152684522876513,0.0,True,STU_0630,nsga3,14,73.36116116703488
0.2749788140097218,0.9729011692973125,0.00010578868980753131,0.000742858976071431,0.9575501618268545,21.4003265473345,1.2108519654176857,0.4187044412570942,0.3985305628941517,0.0,True,STU_0630,nsga3,14,73.36116116703488
0.0007758380565855709,0.0016358930433352792,0.0022473389495691618,0.49312825228293994,0.634000089005486,19.379961589759365,5.791805089270464,0.6393670957360322,0.0,0.0,True,STU_0630,nsga3,14,73.36116116703488
0.0019457749527338093,0.7328475120179051,0.001294359154780574,0.0396051842117701,0.001206262562932714,26.580095363417705,1.4859221148230914,0.013827285159937279,0.18955171709036833,0.0,True,STU_0630,nsga3,14,73.36116116703488
0.0001412492654648905,0.9126751451557336,0.0008560241476568063,0.003777376835377509,0.4659691409680658,21.348013440029664,1.2785374202202435,0.32579984420623903,0.3383598918389703,0.0,True,STU_0630,nsga3,14,73.36116116703488
3.810048826273071e-05,0.960015429995749,0.500881186244802,0.11977108449574439,0.6213446892269412,23.995327948740474,3.7169087003954218,0.401396208380421,0.025864337393663894,0.0,True,STU_0630,nsga3,14,73.36116116703488
0.0004530772281800329,0.1529117480873034,0.0003811092838928373,0.2415103606593495,0.00023199022944863463,23.18584470522017,7.058430578301589,0.13849134315246878,0.0,0.0,True,STU_0630,nsga3,14,73.36116116703488
0.000535097394633359,0.9381191771177906,0.00014329086385444275,0.10688328834053418,0.16041928552202545,23.411946508795104,1.959504038120515,0.14828967175169216,0.21110205641621838,0.0,True,STU_0630,nsga3,14,73.36116116703488
0.0004452777596891611,0.9861826034359578,0.0007723080212240852,0.0319195762390293,0.8883669839055743,19.52857706211464,1.5238093143667868,0.4531198490239376,0.34339031645556584,0.0,True,STU_0630,nsga3,14,73.36116116703488
0.045589045360418884,0.9398698241792264,0.0015163049966849603,0.001390917273551187,2.087361052383052e-05,28.398245822483307,0.9473727775043905,0.0011262247065188704,0.19374248051222376,0.0,True,STU_0630,nsga3,14,73.36116116703488
8.261254914083036e-05,0.9831030261922586,0.004061675318772847,0.1205394362748547,0.056161252215970056,24.675598059817684,2.067194598340011,0.07163915698741234,0.167875593239447,0.0,True,STU_0630,nsga3,14,73.36116116703488
0.00043146400645591946,0.9061183668206351,0.030935456637169415,9.185108992577212e-05,0.23883223806423498,23.253163159510965,1.3628939564793017,0.2093553217867524,0.2937415373405897,0.0,True,STU_0630,nsga3,14,73.36116116703488
0.07698073200814584,0.9398487804443406,0.00011793909351767967,0.0008452686031003881,0.9723844234695301,19.784369582582816,1.340354162424117,0.4713729503995149,0.5701869883578091,0.0,True,STU_0630,nsga3,14,73.36116116703488
0.0020279525247650686,0.8382173889982526,0.13637757447698645,0.35287813057282613,0.16027529352420933,25.202475217455458,4.208479281435969,0.20416042328921974,0.0,0.0,True,STU_0630,nsga3,14,73.36116116703488
0.0005428510973624313,0.02022473857904722,0.0007163763570253367,0.12232101263262324,0.11723166856996042,20.026995221612832,6.031992489084871,0.5400268265754122,0.0,0.0,True,STU_0630,nsga3,14,73.36116116703488
0.00014051205930490438,0.8405629976414698,0.00012268980509772692,0.14599937542925,0.37940200533647017,20.966709273015503,2.2623616608631463,0.29193782279218244,0.22629739940023208,0.0,True,STU_0630,nsga3,14,73.36116116703488
0.27673531669328766,0.9249019220779497,0.00010578868980753131,7.801460572479912e-05,0.9557070875199314,21.317619770987985,1.211847955968154,0.4272720471916258,0.6041701563514755,0.0,True,STU_0630,nsga3,14,73.36116116703488
1.7851608990016797e-05,0.023203493859394353,0.034868682859087397,0.07042691837949044,0.22721759015087722,19.921009280612687,4.322345037675103,0.7110285000121318,0.09860328733115331,0.0,True,STU_0630,nsga3,14,73.36116116703488
0.03608445964080327,0.0016812376469272812,0.018691114522536287,0.06151226901373753,0.8154520716000457,19.49690876541115,2.4880814727060527,0.867734319504917,0.5210123116621304,0.0,True,STU_0630,nsga3,14,73.36116116703488
0.0025113424782838498,0.9372513856962044,0.0020388691729956642,0.036640848070163434,0.4197538931568329,21.60584911441365,1.48755208177171,0.29620120986211795,0.32452200271552756,0.0,True,STU_0630,nsga3,14,73.36116116703488
0.0015509624684673985,0.9608479571298052,0.005364395852174787,0.24239200975429032,0.06995763040965812,23.292953804314116,2.9325663900166234,0.09747882091528902,0.08408521293429849,0.0,True,STU_0630,nsga3,14,73.36116116703488
0.000712476632932086,0.5469647071018364,0.005839021000655034,0.1175236321998333,0.17290262364620151,21.571696457411065,2.5828887946201875,0.2325002894165102,0.15738466737315093,0.0,True,STU_0630,nsga3,14,73.36116116703488
0.000751696883282063,0.09205764008947641,0.0007330260543180913,0.09514682805123748,0.0766236865328381,22.335165414330877,4.801360960280998,0.36068135394635736,0.0,0.0,True,STU_0630,nsga3,14,73.36116116703488
6.756559145739213e-05,0.9529430361925277,0.004056090263171135,0.1876473062446375,0.05770550650667286,23.87940600481346,2.589196395306756,0.08314356156770182,0.10713060057544188,0.0,True,STU_0630,nsga3,14,73.36116116703488
0.023731927964196757,0.9690555358327261,0.5259885158087795,0.0010647973745096517,0.2534546565207527,26.20596731425213,3.6518293797227828,0.29056925973026543,0.03638285416149745,0.0,True,STU_0630,nsga3,14,73.36116116703488
0.0033258284996036335,0.12301190949165652,0.0007155468405746557,0.5402901220485892,0.2378370911645477,20.707290015374173,7.136322173289786,0.3881593167869781,0.0,0.0,True,STU_0630,nsga3,14,73.36116116703488
0.00013454309236209466,0.9406718628823586,0.022594759024991723,0.49668240675792286,0.4245751407077055,23.876345594904418,3.8833794605566716,0.28275880368749173,0.03827719130322016,0.0,True,STU_0630,nsga3,14,73.36116116703488
0.00944390379165914,0.7411303423583631,0.002466536789731969,0.11024639974122086,0.15507931013363646,22.91463314554563,2.1828272667668784,0.17248577466920756,0.1885640451107834,0.0,True,STU_0630,nsga3,14,73.36116116703488
0.015608598353974688,0.975534930473853,0.16670706787058706,0.5784550484642064,0.9512365167072396,22.622678834671255,3.9383536450760737,0.42172474940637417,0.03072836374023047,0.0,True,STU_0630,nsga3,14,73.36116116703488
0.005821694647017268,0.1230848776550731,0.00019526277160271995,0.14829977240626624,0.23928925938879492,21.282748825886653,4.20460280606962,0.5114659742908967,0.11664851156410028,0.0,True,STU_0630,nsga3,14,73.36116116703488
0.0001412492654648905,0.9735262958574162,0.0008560241476568063,0.012797442723509203,0.46835371019534566,21.491310553155852,1.3260760127796312,0.3126024996198887,0.33547466584442487,0.0,True,STU_0630,nsga3,14,73.36116116703488
0.00015333019172002367,0.10703416522516646,0.0020619674172842606,0.16510500848944185,0.38155249342733677,20.406931531907986,3.986589906171995,0.6193331675703604,0.16407577283324826,0.0,True,STU_0630,nsga3,14,73.36116116703488
0.0022502053026883535,0.9189168854227846,0.10110041228610858,0.031606100450434715,0.24873323450207468,22.716414346946983,2.03800128675834,0.2295567633676423,0.22604402832218307,0.0,True,STU_0630,nsga3,14,73.36116116703488
0.006016008106505788,0.9048844590960701,0.14379225278954075,0.6098777668367714,0.9347712232457448,22.396286085658197,4.081484661080999,0.42811092007219204,0.1015011363655487,0.0,True,STU_0630,nsga3,14,73.36116116703488
0.011396249687164054,0.003917381282118548,0.18258489703258995,0.29870546427428263,0.9466932262640614,19.667187829869082,4.665972797678668,0.7442894912433078,0.043320696629259636,0.0,True,STU_0630,nsga3,14,73.36116116703488
0.00012928865475649997,2.991948659526908e-05,0.015158360906184873,0.04580285536303687,0.2420616221172902,19.196446286111296,3.5711547471818843,0.8297781180080482,0.27210338916449683,0.0,True,STU_0630,nsga3,14,73.36116116703488
0.0019457749527338093,0.8283272043810768,0.020735137639524604,0.0396051842117701,0.499826331327923,20.658961928412307,1.6769685876158071,0.36079365572148375,0.3191911336119848,0.0,True,STU_0630,nsga3,14,73.36116116703488
0.00035496502497938537,0.9484176886257631,5.162761538258929e-06,0.2480971558741623,0.0016571921710508558,23.98684967519217,3.0284813230713605,0.047921352639702985,0.05233924808863322,0.0,True,STU_0630,nsga3,14,73.36116116703488
0.001566736421924883,0.9394223551408111,1.0244092198600716e-05,0.0011454022868033903,0.1884021997863308,24.117347783770477,1.112639676175468,0.16096365216404587,0.25775499456033557,0.0,True,STU_0630,nsga3,14,73.36116116703488
0.00010506048839294616,0.009305768162259254,0.03590235417929333,0.07651987024752328,0.2045816682018063,19.73269524186853,4.779261028559015,0.7138403128893135,0.012075864123156088,0.0,True,STU_0630,nsga3,14,73.36116116703488
0.00021347541659911005,0.8265472234744193,0.0005829228792426752,0.007326649132813182,0.07579980745034764,25.58164269340411,1.1196245625768493,0.08243832937159615,0.23755994163299599,0.0,True,STU_0630,nsga3,14,73.36116116703488
0.0016974726170762853,0.9713374661101336,0.008942969735480477,0.07702358749157186,0.13634656835240966,24.045576212278014,1.7656222390071288,0.12836486020647675,0.2292460122429275,0.0,True,STU_0630,nsga3,14,73.36116116703488
0.004629222861387814,0.8337949840757204,0.09702837882316402,0.6337715003313135,0.08049541938969651,24.572219029080745,5.341947021781901,0.16377299614866284,0.0,0.0,True,STU_0630,nsga3,14,73.36116116703488
0.005055715470196542,0.9990924905227899,0.0006638698033747566,0.0016927290205328797,0.045769851957356694,26.613904805758,1.0177333330759888,0.04263854994221632,0.208543191795439,0.0,True,STU_0630,nsga3,14,73.36116116703488
1.8641509727844003e-05,0.9742381213127488,9.37596994519895e-05,0.1764836149497436,0.014136499029222704,24.63465372761567,2.485170559209194,0.04583851229754337,0.0954678887535324,0.0,True,STU_0630,nsga3,14,73.36116116703488
0.0016710443367415444,0.9873341871084987,0.0028418254910989667,0.7457889777605243,0.7050458707199654,22.8036717152982,4.258138199986951,0.34769913548858206,0.0,0.0,True,STU_0630,nsga3,14,73.36116116703488
0.00015333019172002367,0.10703416522516646,0.0018684704410760755,0.16510500848944185,0.38155249342733677,20.406207944468743,3.9849201444588243,0.6193641326970913,0.16439710011053976,0.0,True,STU_0630,nsga3,14,73.36116116703488
0.0022397564901222742,0.9175873540976277,0.11440082041392416,0.4600897905267541,0.8625239408142326,22.704593993944684,3.6364507027130464,0.4218761685101846,0.08595785228207087,0.0,True,STU_0630,nsga3,14,73.36116116703488
0.0008819230964943114,0.11820108413050784,0.00014917513343603358,0.43908920654365147,0.16041928552202545,20.93808412779186,7.240367664378411,0.35286463050082073,0.0,0.0,True,STU_0630,nsga3,14,73.36116116703488
0.0006415680764443899,0.9127534367451577,0.5265108197536623,0.013291653061839496,0.2072488496612494,26.07510647118864,3.900740016903937,0.28529676624471023,0.0,0.0,True,STU_0630,nsga3,14,73.36116116703488
0.0053791596918181805,0.9755993343402531,0.0007625105944141299,0.0319195762390293,0.8736557669226257,19.584370090417003,1.520763970838455,0.45048977839653254,0.3445944569778151,0.0,True,STU_0630,nsga3,14,73.36116116703488
0.0005799600554090999,0.07586843974718384,0.0013939210323375376,0.18451972650406331,0.17876126350880264,20.73584763702632,5.49834100371786,0.48661775699511595,0.0,0.0,True,STU_0630,nsga3,14,73.36116116703488
2.1655582474268452e-05,0.9949785453260165,0.028612655131631505,0.19274528491964982,0.02946563861998188,24.159935662799622,2.725565659121585,0.06944423925591998,0.08696871967064745,0.0,True,STU_0630,nsga3,14,73.36116116703488
0.001719614837182314,0.9776879932865133,0.0062434420825658995,0.15687663053161993,0.1145493190655698,23.58445211231764,2.326230701265871,0.11852856314326941,0.1523155751092894,0.0,True,STU_0630,nsga3,14,73.36116116703488
0.11656553931307698,0.9508357940981172,0.004050774672492317,0.0005573880955229019,0.9066150725233806,20.35466162216339,1.311271209306945,0.44305494331653417,0.38283168659229894,0.0,True,STU_0630,nsga3,14,73.36116116703488
0.001937489615732127,0.9436278450360394,0.015125663350740389,0.051375020774638167,0.2368631155689777,23.039553660849105,1.636637923402484,0.19840762602512704,0.27949946191361086,0.0,True,STU_0630,nsga3,14,73.36116116703488
0.00028183549447376686,0.9754901711041402,1.0344571540811228e-05,0.00587551533947589,0.056842367728111014,26.22548898971809,1.0664651426572649,0.05407034856350156,0.21827692756841466,0.0,True,STU_0630,nsga3,14,73.36116116703488
0.0016689063143733428,0.8595657472461771,0.00012386567241678753,0.14599937542925,0.37940200533647017,21.05323099343306,2.242089918274428,0.28761583752865,0.22797202543905992,0.0,True,STU_0630,nsga3,14,73.36116116703488
0.0002648022489602775,0.8259199045252955,6.334198686824615e-05,0.16436567050428152,0.32443942174835766,21.187558959204445,2.416641929866145,0.26610704056533796,0.19097504149650268,0.0,True,STU_0630,nsga3,14,73.36116116703488
0.07698073200814584,0.9398487804443406,0.0007264751411928028,0.0008452686031003881,0.963738302600202,19.813020484954286,1.3408970426837095,0.4692351329359223,0.568892989300507,0.0,True,STU_0630,nsga3,14,73.36116116703488
0.00944390379165914,0.7411303423583631,0.002466536789731969,0.11024639974122086,0.1744017504501721,22.68472991938235,2.1757062232618445,0.18723359273894816,0.19355116550946894,0.0,True,STU_0630,nsga3,14,73.36116116703488
0.26847455300261797,0.9211785327895188,5.982940598852108e-05,0.00178814875378603,0.9416730410604767,21.302892045700993,1.220710555472473,0.42597406610701033,0.6038901153180667,0.0,True,STU_0630,nsga3,14,73.36116116703488
0.0021725139386013816,0.12826644436377738,0.11440082041392416,0.42777076384238977,0.8625239408142326,20.100163638403338,4.856876906772614,0.6429547013824752,0.0,0.0,True,STU_0630,nsga3,14,73.36116116703488
0.0001690940069940554,0.9768883866511895,0.08384072940236355,0.4949205294534401,0.38696582536882407,24.098193280283056,4.044464015975142,0.2716400389757762,0.0,0.0,True,STU_0630,nsga3,14,73.36116116703488
0.0007276719302945923,0.18390776021658645,0.00025528513648881673,0.41612137472568067,0.07554481942955177,21.958762508738758,7.190045386653572,0.2463095263363514,0.0,0.0,True,STU_0630,nsga3,14,73.36116116703488
0.015826480379946682,0.9592255813444995,0.0019039731689192672,0.006052999597493674,0.4197538931568329,22.001816376301505,1.2585356423848648,0.2902801701425783,0.32870067607162434,0.0,True,STU_0630,nsga3,14,73.36116116703488
0.0049097262641207146,0.9948989558502709,4.600537942688553e-06,0.007530466761004018,0.22183836909869847,23.830911754824125,1.1725990195339477,0.17545016463308113,0.26797307083375654,0.0,True,STU_0630,nsga3,14,73.36116116703488
0.011250345513265744,0.04437638351745572,3.976874647771028e-05,8.59293733959204e-06,0.9294532033162505,19.301235144372644,1.7425812236972935,0.9100134580585311,0.6089380921970683,0.0,True,STU_0630,nsga3,14,73.36116116703488
0.00011040923886427903,0.97798783759228,0.023048615399932172,0.12484725676865502,0.0016571921710508558,25.304191248976398,2.2464942064252753,0.03684777761961607,0.12300512092611071,0.0,True,STU_0630,nsga3,14,73.36116116703488
0.015489878742216696,0.9608196576745236,0.00027925217218998863,0.0005602239506501058,0.07031655616389193,26.294939642445247,1.0139957956465828,0.06500456546922331,0.22689855934893677,0.0,True,STU_0630,nsga3,14,73.36116116703488
0.001719614837182314,0.026532847288733622,0.002003147900143172,0.07044673585349001,0.22750051053505382,19.778283462089455,3.73109635566898,0.7200080528738712,0.225718063945907,0.0,True,STU_0630,nsga3,14,73.36116116703488
0.0001304006165798118,0.0016358930433352792,0.030840648155208795,0.010529838383107726,0.4680658665995289,19.098066577600022,2.458600963359359,0.918781819336349,0.517895979019559,0.0,True,STU_0630,nsga3,14,73.36116116703488
0.02390370194853785,0.0016358930433352792,0.00015708298137190205,0.5012756293794227,0.620878227043101,19.64417989156962,5.750196346238534,0.6200545389258227,0.0,0.0,True,STU_0630,nsga3,14,73.36116116703488
0.0001215853461787788,0.8162986643352904,0.02148059329295235,0.1006070908414951,0.04766719086642915,24.5268210956585,2.210618023029558,0.08078306436709722,0.1481357620735696,0.0,True,STU_0630,nsga3,14,73.36116116703488
0.000323610125839327,0.9770696579526121,0.0002770008839991,0.00110181022563402,0.12937223280423393,25.036293503725734,1.0738863172063666,0.11295457534826867,0.24540743904136997,0.0,True,STU_0630,nsga3,14,73.36116116703488
0.0014950706862700437,0.49834189596827017,0.0012984741488211021,0.322379430177391,0.09030761020647238,24.6236448948493,4.5738576151917085,0.17544010922059086,0.0,0.0,True,STU_0630,nsga3,14,73.36116116703488
